Loading data
Including: ['473.astar']
# 473.astar
Testing
threshold: 0.5
tensor([[-1.2225, -0.3488]])
0.8736476898193359
1|1 1|1
tensor([[-1.1415, -0.3847]])
0.7567440867424011
1|1 1|1
tensor([[-1.2979, -0.3190]])
0.9789392352104187
1|0 1|0
tensor([[-1.6501, -0.2132]])
1.4369087219238281
1|0 1|0
tensor([[-1.1473, -0.3820]])
0.765314519405365
1|0 1|0
tensor([[-1.2552, -0.3355]])
0.9196443557739258
1|0 1|0
tensor([[-1.1326, -0.3889]])
0.7437669038772583
1|1 1|1
tensor([[-1.5995, -0.2256]])
1.3738853931427002
1|1 1|1
tensor([[-1.4444, -0.2690]])
1.1753475666046143
1|0 1|0
tensor([[-1.1511, -0.3802]])
0.7708665728569031
1|0 1|0
tensor([[-1.1404, -0.3852]])
0.7551964521408081
1|0 1|0
tensor([[-1.1290, -0.3906]])
0.7383356094360352
1|1 1|1
tensor([[-1.4024, -0.2824]])
1.12003493309021
1|0 1|0
tensor([[-1.2611, -0.3332]])
0.9279353022575378
1|1 1|1
tensor([[-1.1376, -0.3865]])
0.7511000633239746
1|0 1|0
tensor([[-1.1545, -0.3786]])
0.7759034037590027
1|0 1|0
tensor([[-1.1402, -0.3853]])
0.7549517154693604
1|0 1|0
tensor([[-1.1365, -0.3870]])
0.7494742274284363
1|0 1|0
tensor([[-1.4225, -0.2759]])
1.1466249227523804
1|0 1|0
tensor([[-1.1348, -0.3879]])
0.7469288110733032
1|0 1|0
tensor([[-1.1398, -0.3855]])
0.7543331384658813
1|1 1|1
tensor([[-1.1398, -0.3855]])
0.7542989253997803
1|1 1|1
tensor([[-1.1352, -0.3877]])
0.7475365400314331
1|1 1|1
tensor([[-1.1241, -0.3930]])
0.7311282157897949
1|1 1|1
tensor([[-1.1303, -0.3900]])
0.7403277158737183
1|1 1|1
tensor([[-1.8871, -0.1643]])
1.7227715253829956
1|0 1|0
tensor([[-1.1518, -0.3799]])
0.7718956470489502
1|0 1|0
tensor([[-1.2895, -0.3221]])
0.9673506021499634
1|1 1|1
tensor([[-1.1420, -0.3845]])
0.7575081586837769
1|0 1|0
tensor([[-1.1597, -0.3763]])
0.7834696769714355
1|1 1|1
tensor([[-1.1401, -0.3854]])
0.7546771764755249
1|0 1|0
tensor([[-1.9554, -0.1526]])
1.8027786016464233
1|1 1|1
tensor([[-1.1771, -0.3684]])
0.808719277381897
1|1 1|1
tensor([[-1.1407, -0.3851]])
0.7555620670318604
1|1 1|1
tensor([[-1.1334, -0.3885]])
0.744835376739502
1|0 1|0
tensor([[-1.1450, -0.3831]])
0.7619002461433411
1|1 1|1
tensor([[-1.6853, -0.2050]])
1.4802446365356445
1|0 1|0
tensor([[-1.4773, -0.2591]])
1.218139886856079
1|1 1|1
tensor([[-1.1854, -0.3647]])
0.8207233548164368
1|0 1|0
tensor([[-1.1387, -0.3860]])
0.7527580857276917
1|0 1|0
tensor([[-1.5515, -0.2382]])
1.3133769035339355
1|1 1|1
tensor([[-1.5560, -0.2370]])
1.3189760446548462
1|0 1|0
tensor([[-1.1361, -0.3872]])
0.7489191889762878
1|1 1|1
tensor([[-1.8609, -0.1690]])
1.6918951272964478
1|1 1|1
tensor([[-1.1457, -0.3827]])
0.7629169821739197
1|0 1|0
tensor([[-1.1457, -0.3827]])
0.7629169821739197
1|0 1|0
tensor([[-1.1457, -0.3827]])
0.7629169821739197
1|0 1|0
tensor([[-1.1457, -0.3827]])
0.762927770614624
1|0 1|0
tensor([[-1.1446, -0.3833]])
0.7612905502319336
1|0 1|0
tensor([[-1.1530, -0.3793]])
0.7736491560935974
1|1 1|1
tensor([[-1.1557, -0.3781]])
0.7775838375091553
1|0 1|0
tensor([[-2.1880, -0.1189]])
2.0690722465515137
1|0 1|0
tensor([[-1.2797, -0.3259]])
0.9537472724914551
1|1 1|1
tensor([[-1.1470, -0.3821]])
0.7648540735244751
1|0 1|0
tensor([[-1.1475, -0.3819]])
0.7656124830245972
1|0 1|0
tensor([[-1.2575, -0.3346]])
0.9229811429977417
1|0 1|0
tensor([[-1.1499, -0.3808]])
0.7691812515258789
1|0 1|0
tensor([[-1.1562, -0.3779]])
0.7782821655273438
1|1 1|1
tensor([[-1.1560, -0.3780]])
0.7780396938323975
1|1 1|1
tensor([[-1.1438, -0.3836]])
0.7601646184921265
1|0 1|0
tensor([[-0.8495, -0.5580]])
0.2914479970932007
1|1 0|1
tensor([[-1.1312, -0.3896]])
0.741614818572998
1|1 1|1
tensor([[-1.8290, -0.1750]])
1.6539263725280762
1|1 1|1
tensor([[-1.1756, -0.3691]])
0.8064801692962646
1|1 1|1
tensor([[-1.1606, -0.3759]])
0.7847570180892944
1|0 1|0
tensor([[-1.3477, -0.3009]])
1.0468239784240723
1|0 1|0
baseline
Accuracy: 0.439394
Accuracy 0: 0.000000 37
Accuracy 1: 1.000000 29
threshold
Accuracy: 0.424242
Accuracy 0: 0.000000 37
Accuracy 1: 0.965517 29
threshold: 0.55
tensor([[-1.2225, -0.3488]])
0.8736476898193359
1|1 1|1
tensor([[-1.1415, -0.3847]])
0.7567440867424011
1|1 1|1
tensor([[-1.2979, -0.3190]])
0.9789392352104187
1|0 1|0
tensor([[-1.6501, -0.2132]])
1.4369087219238281
1|0 1|0
tensor([[-1.1473, -0.3820]])
0.765314519405365
1|0 1|0
tensor([[-1.2552, -0.3355]])
0.9196443557739258
1|0 1|0
tensor([[-1.1326, -0.3889]])
0.7437669038772583
1|1 1|1
tensor([[-1.5995, -0.2256]])
1.3738853931427002
1|1 1|1
tensor([[-1.4444, -0.2690]])
1.1753475666046143
1|0 1|0
tensor([[-1.1511, -0.3802]])
0.7708665728569031
1|0 1|0
tensor([[-1.1404, -0.3852]])
0.7551964521408081
1|0 1|0
tensor([[-1.1290, -0.3906]])
0.7383356094360352
1|1 1|1
tensor([[-1.4024, -0.2824]])
1.12003493309021
1|0 1|0
tensor([[-1.2611, -0.3332]])
0.9279353022575378
1|1 1|1
tensor([[-1.1376, -0.3865]])
0.7511000633239746
1|0 1|0
tensor([[-1.1545, -0.3786]])
0.7759034037590027
1|0 1|0
tensor([[-1.1402, -0.3853]])
0.7549517154693604
1|0 1|0
tensor([[-1.1365, -0.3870]])
0.7494742274284363
1|0 1|0
tensor([[-1.4225, -0.2759]])
1.1466249227523804
1|0 1|0
tensor([[-1.1348, -0.3879]])
0.7469288110733032
1|0 1|0
tensor([[-1.1398, -0.3855]])
0.7543331384658813
1|1 1|1
tensor([[-1.1398, -0.3855]])
0.7542989253997803
1|1 1|1
tensor([[-1.1352, -0.3877]])
0.7475365400314331
1|1 1|1
tensor([[-1.1241, -0.3930]])
0.7311282157897949
1|1 1|1
tensor([[-1.1303, -0.3900]])
0.7403277158737183
1|1 1|1
tensor([[-1.8871, -0.1643]])
1.7227715253829956
1|0 1|0
tensor([[-1.1518, -0.3799]])
0.7718956470489502
1|0 1|0
tensor([[-1.2895, -0.3221]])
0.9673506021499634
1|1 1|1
tensor([[-1.1420, -0.3845]])
0.7575081586837769
1|0 1|0
tensor([[-1.1597, -0.3763]])
0.7834696769714355
1|1 1|1
tensor([[-1.1401, -0.3854]])
0.7546771764755249
1|0 1|0
tensor([[-1.9554, -0.1526]])
1.8027786016464233
1|1 1|1
tensor([[-1.1771, -0.3684]])
0.808719277381897
1|1 1|1
tensor([[-1.1407, -0.3851]])
0.7555620670318604
1|1 1|1
tensor([[-1.1334, -0.3885]])
0.744835376739502
1|0 1|0
tensor([[-1.1450, -0.3831]])
0.7619002461433411
1|1 1|1
tensor([[-1.6853, -0.2050]])
1.4802446365356445
1|0 1|0
tensor([[-1.4773, -0.2591]])
1.218139886856079
1|1 1|1
tensor([[-1.1854, -0.3647]])
0.8207233548164368
1|0 1|0
tensor([[-1.1387, -0.3860]])
0.7527580857276917
1|0 1|0
tensor([[-1.5515, -0.2382]])
1.3133769035339355
1|1 1|1
tensor([[-1.5560, -0.2370]])
1.3189760446548462
1|0 1|0
tensor([[-1.1361, -0.3872]])
0.7489191889762878
1|1 1|1
tensor([[-1.8609, -0.1690]])
1.6918951272964478
1|1 1|1
tensor([[-1.1457, -0.3827]])
0.7629169821739197
1|0 1|0
tensor([[-1.1457, -0.3827]])
0.7629169821739197
1|0 1|0
tensor([[-1.1457, -0.3827]])
0.7629169821739197
1|0 1|0
tensor([[-1.1457, -0.3827]])
0.762927770614624
1|0 1|0
tensor([[-1.1446, -0.3833]])
0.7612905502319336
1|0 1|0
tensor([[-1.1530, -0.3793]])
0.7736491560935974
1|1 1|1
tensor([[-1.1557, -0.3781]])
0.7775838375091553
1|0 1|0
tensor([[-2.1880, -0.1189]])
2.0690722465515137
1|0 1|0
tensor([[-1.2797, -0.3259]])
0.9537472724914551
1|1 1|1
tensor([[-1.1470, -0.3821]])
0.7648540735244751
1|0 1|0
tensor([[-1.1475, -0.3819]])
0.7656124830245972
1|0 1|0
tensor([[-1.2575, -0.3346]])
0.9229811429977417
1|0 1|0
tensor([[-1.1499, -0.3808]])
0.7691812515258789
1|0 1|0
tensor([[-1.1562, -0.3779]])
0.7782821655273438
1|1 1|1
tensor([[-1.1560, -0.3780]])
0.7780396938323975
1|1 1|1
tensor([[-1.1438, -0.3836]])
0.7601646184921265
1|0 1|0
tensor([[-0.8495, -0.5580]])
0.2914479970932007
1|1 0|1
tensor([[-1.1312, -0.3896]])
0.741614818572998
1|1 1|1
tensor([[-1.8290, -0.1750]])
1.6539263725280762
1|1 1|1
tensor([[-1.1756, -0.3691]])
0.8064801692962646
1|1 1|1
tensor([[-1.1606, -0.3759]])
0.7847570180892944
1|0 1|0
tensor([[-1.3477, -0.3009]])
1.0468239784240723
1|0 1|0
baseline
Accuracy: 0.439394
Accuracy 0: 0.000000 37
Accuracy 1: 1.000000 29
threshold
Accuracy: 0.424242
Accuracy 0: 0.000000 37
Accuracy 1: 0.965517 29
threshold: 0.6000000000000001
tensor([[-1.2225, -0.3488]])
0.8736476898193359
1|1 1|1
tensor([[-1.1415, -0.3847]])
0.7567440867424011
1|1 1|1
tensor([[-1.2979, -0.3190]])
0.9789392352104187
1|0 1|0
tensor([[-1.6501, -0.2132]])
1.4369087219238281
1|0 1|0
tensor([[-1.1473, -0.3820]])
0.765314519405365
1|0 1|0
tensor([[-1.2552, -0.3355]])
0.9196443557739258
1|0 1|0
tensor([[-1.1326, -0.3889]])
0.7437669038772583
1|1 1|1
tensor([[-1.5995, -0.2256]])
1.3738853931427002
1|1 1|1
tensor([[-1.4444, -0.2690]])
1.1753475666046143
1|0 1|0
tensor([[-1.1511, -0.3802]])
0.7708665728569031
1|0 1|0
tensor([[-1.1404, -0.3852]])
0.7551964521408081
1|0 1|0
tensor([[-1.1290, -0.3906]])
0.7383356094360352
1|1 1|1
tensor([[-1.4024, -0.2824]])
1.12003493309021
1|0 1|0
tensor([[-1.2611, -0.3332]])
0.9279353022575378
1|1 1|1
tensor([[-1.1376, -0.3865]])
0.7511000633239746
1|0 1|0
tensor([[-1.1545, -0.3786]])
0.7759034037590027
1|0 1|0
tensor([[-1.1402, -0.3853]])
0.7549517154693604
1|0 1|0
tensor([[-1.1365, -0.3870]])
0.7494742274284363
1|0 1|0
tensor([[-1.4225, -0.2759]])
1.1466249227523804
1|0 1|0
tensor([[-1.1348, -0.3879]])
0.7469288110733032
1|0 1|0
tensor([[-1.1398, -0.3855]])
0.7543331384658813
1|1 1|1
tensor([[-1.1398, -0.3855]])
0.7542989253997803
1|1 1|1
tensor([[-1.1352, -0.3877]])
0.7475365400314331
1|1 1|1
tensor([[-1.1241, -0.3930]])
0.7311282157897949
1|1 1|1
tensor([[-1.1303, -0.3900]])
0.7403277158737183
1|1 1|1
tensor([[-1.8871, -0.1643]])
1.7227715253829956
1|0 1|0
tensor([[-1.1518, -0.3799]])
0.7718956470489502
1|0 1|0
tensor([[-1.2895, -0.3221]])
0.9673506021499634
1|1 1|1
tensor([[-1.1420, -0.3845]])
0.7575081586837769
1|0 1|0
tensor([[-1.1597, -0.3763]])
0.7834696769714355
1|1 1|1
tensor([[-1.1401, -0.3854]])
0.7546771764755249
1|0 1|0
tensor([[-1.9554, -0.1526]])
1.8027786016464233
1|1 1|1
tensor([[-1.1771, -0.3684]])
0.808719277381897
1|1 1|1
tensor([[-1.1407, -0.3851]])
0.7555620670318604
1|1 1|1
tensor([[-1.1334, -0.3885]])
0.744835376739502
1|0 1|0
tensor([[-1.1450, -0.3831]])
0.7619002461433411
1|1 1|1
tensor([[-1.6853, -0.2050]])
1.4802446365356445
1|0 1|0
tensor([[-1.4773, -0.2591]])
1.218139886856079
1|1 1|1
tensor([[-1.1854, -0.3647]])
0.8207233548164368
1|0 1|0
tensor([[-1.1387, -0.3860]])
0.7527580857276917
1|0 1|0
tensor([[-1.5515, -0.2382]])
1.3133769035339355
1|1 1|1
tensor([[-1.5560, -0.2370]])
1.3189760446548462
1|0 1|0
tensor([[-1.1361, -0.3872]])
0.7489191889762878
1|1 1|1
tensor([[-1.8609, -0.1690]])
1.6918951272964478
1|1 1|1
tensor([[-1.1457, -0.3827]])
0.7629169821739197
1|0 1|0
tensor([[-1.1457, -0.3827]])
0.7629169821739197
1|0 1|0
tensor([[-1.1457, -0.3827]])
0.7629169821739197
1|0 1|0
tensor([[-1.1457, -0.3827]])
0.762927770614624
1|0 1|0
tensor([[-1.1446, -0.3833]])
0.7612905502319336
1|0 1|0
tensor([[-1.1530, -0.3793]])
0.7736491560935974
1|1 1|1
tensor([[-1.1557, -0.3781]])
0.7775838375091553
1|0 1|0
tensor([[-2.1880, -0.1189]])
2.0690722465515137
1|0 1|0
tensor([[-1.2797, -0.3259]])
0.9537472724914551
1|1 1|1
tensor([[-1.1470, -0.3821]])
0.7648540735244751
1|0 1|0
tensor([[-1.1475, -0.3819]])
0.7656124830245972
1|0 1|0
tensor([[-1.2575, -0.3346]])
0.9229811429977417
1|0 1|0
tensor([[-1.1499, -0.3808]])
0.7691812515258789
1|0 1|0
tensor([[-1.1562, -0.3779]])
0.7782821655273438
1|1 1|1
tensor([[-1.1560, -0.3780]])
0.7780396938323975
1|1 1|1
tensor([[-1.1438, -0.3836]])
0.7601646184921265
1|0 1|0
tensor([[-0.8495, -0.5580]])
0.2914479970932007
1|1 0|1
tensor([[-1.1312, -0.3896]])
0.741614818572998
1|1 1|1
tensor([[-1.8290, -0.1750]])
1.6539263725280762
1|1 1|1
tensor([[-1.1756, -0.3691]])
0.8064801692962646
1|1 1|1
tensor([[-1.1606, -0.3759]])
0.7847570180892944
1|0 1|0
tensor([[-1.3477, -0.3009]])
1.0468239784240723
1|0 1|0
baseline
Accuracy: 0.439394
Accuracy 0: 0.000000 37
Accuracy 1: 1.000000 29
threshold
Accuracy: 0.424242
Accuracy 0: 0.000000 37
Accuracy 1: 0.965517 29
threshold: 0.6500000000000001
tensor([[-1.2225, -0.3488]])
0.8736476898193359
1|1 1|1
tensor([[-1.1415, -0.3847]])
0.7567440867424011
1|1 1|1
tensor([[-1.2979, -0.3190]])
0.9789392352104187
1|0 1|0
tensor([[-1.6501, -0.2132]])
1.4369087219238281
1|0 1|0
tensor([[-1.1473, -0.3820]])
0.765314519405365
1|0 1|0
tensor([[-1.2552, -0.3355]])
0.9196443557739258
1|0 1|0
tensor([[-1.1326, -0.3889]])
0.7437669038772583
1|1 1|1
tensor([[-1.5995, -0.2256]])
1.3738853931427002
1|1 1|1
tensor([[-1.4444, -0.2690]])
1.1753475666046143
1|0 1|0
tensor([[-1.1511, -0.3802]])
0.7708665728569031
1|0 1|0
tensor([[-1.1404, -0.3852]])
0.7551964521408081
1|0 1|0
tensor([[-1.1290, -0.3906]])
0.7383356094360352
1|1 1|1
tensor([[-1.4024, -0.2824]])
1.12003493309021
1|0 1|0
tensor([[-1.2611, -0.3332]])
0.9279353022575378
1|1 1|1
tensor([[-1.1376, -0.3865]])
0.7511000633239746
1|0 1|0
tensor([[-1.1545, -0.3786]])
0.7759034037590027
1|0 1|0
tensor([[-1.1402, -0.3853]])
0.7549517154693604
1|0 1|0
tensor([[-1.1365, -0.3870]])
0.7494742274284363
1|0 1|0
tensor([[-1.4225, -0.2759]])
1.1466249227523804
1|0 1|0
tensor([[-1.1348, -0.3879]])
0.7469288110733032
1|0 1|0
tensor([[-1.1398, -0.3855]])
0.7543331384658813
1|1 1|1
tensor([[-1.1398, -0.3855]])
0.7542989253997803
1|1 1|1
tensor([[-1.1352, -0.3877]])
0.7475365400314331
1|1 1|1
tensor([[-1.1241, -0.3930]])
0.7311282157897949
1|1 1|1
tensor([[-1.1303, -0.3900]])
0.7403277158737183
1|1 1|1
tensor([[-1.8871, -0.1643]])
1.7227715253829956
1|0 1|0
tensor([[-1.1518, -0.3799]])
0.7718956470489502
1|0 1|0
tensor([[-1.2895, -0.3221]])
0.9673506021499634
1|1 1|1
tensor([[-1.1420, -0.3845]])
0.7575081586837769
1|0 1|0
tensor([[-1.1597, -0.3763]])
0.7834696769714355
1|1 1|1
tensor([[-1.1401, -0.3854]])
0.7546771764755249
1|0 1|0
tensor([[-1.9554, -0.1526]])
1.8027786016464233
1|1 1|1
tensor([[-1.1771, -0.3684]])
0.808719277381897
1|1 1|1
tensor([[-1.1407, -0.3851]])
0.7555620670318604
1|1 1|1
tensor([[-1.1334, -0.3885]])
0.744835376739502
1|0 1|0
tensor([[-1.1450, -0.3831]])
0.7619002461433411
1|1 1|1
tensor([[-1.6853, -0.2050]])
1.4802446365356445
1|0 1|0
tensor([[-1.4773, -0.2591]])
1.218139886856079
1|1 1|1
tensor([[-1.1854, -0.3647]])
0.8207233548164368
1|0 1|0
tensor([[-1.1387, -0.3860]])
0.7527580857276917
1|0 1|0
tensor([[-1.5515, -0.2382]])
1.3133769035339355
1|1 1|1
tensor([[-1.5560, -0.2370]])
1.3189760446548462
1|0 1|0
tensor([[-1.1361, -0.3872]])
0.7489191889762878
1|1 1|1
tensor([[-1.8609, -0.1690]])
1.6918951272964478
1|1 1|1
tensor([[-1.1457, -0.3827]])
0.7629169821739197
1|0 1|0
tensor([[-1.1457, -0.3827]])
0.7629169821739197
1|0 1|0
tensor([[-1.1457, -0.3827]])
0.7629169821739197
1|0 1|0
tensor([[-1.1457, -0.3827]])
0.762927770614624
1|0 1|0
tensor([[-1.1446, -0.3833]])
0.7612905502319336
1|0 1|0
tensor([[-1.1530, -0.3793]])
0.7736491560935974
1|1 1|1
tensor([[-1.1557, -0.3781]])
0.7775838375091553
1|0 1|0
tensor([[-2.1880, -0.1189]])
2.0690722465515137
1|0 1|0
tensor([[-1.2797, -0.3259]])
0.9537472724914551
1|1 1|1
tensor([[-1.1470, -0.3821]])
0.7648540735244751
1|0 1|0
tensor([[-1.1475, -0.3819]])
0.7656124830245972
1|0 1|0
tensor([[-1.2575, -0.3346]])
0.9229811429977417
1|0 1|0
tensor([[-1.1499, -0.3808]])
0.7691812515258789
1|0 1|0
tensor([[-1.1562, -0.3779]])
0.7782821655273438
1|1 1|1
tensor([[-1.1560, -0.3780]])
0.7780396938323975
1|1 1|1
tensor([[-1.1438, -0.3836]])
0.7601646184921265
1|0 1|0
tensor([[-0.8495, -0.5580]])
0.2914479970932007
1|1 0|1
tensor([[-1.1312, -0.3896]])
0.741614818572998
1|1 1|1
tensor([[-1.8290, -0.1750]])
1.6539263725280762
1|1 1|1
tensor([[-1.1756, -0.3691]])
0.8064801692962646
1|1 1|1
tensor([[-1.1606, -0.3759]])
0.7847570180892944
1|0 1|0
tensor([[-1.3477, -0.3009]])
1.0468239784240723
1|0 1|0
baseline
Accuracy: 0.439394
Accuracy 0: 0.000000 37
Accuracy 1: 1.000000 29
threshold
Accuracy: 0.424242
Accuracy 0: 0.000000 37
Accuracy 1: 0.965517 29
threshold: 0.7000000000000002
tensor([[-1.2225, -0.3488]])
0.8736476898193359
1|1 1|1
tensor([[-1.1415, -0.3847]])
0.7567440867424011
1|1 1|1
tensor([[-1.2979, -0.3190]])
0.9789392352104187
1|0 1|0
tensor([[-1.6501, -0.2132]])
1.4369087219238281
1|0 1|0
tensor([[-1.1473, -0.3820]])
0.765314519405365
1|0 1|0
tensor([[-1.2552, -0.3355]])
0.9196443557739258
1|0 1|0
tensor([[-1.1326, -0.3889]])
0.7437669038772583
1|1 1|1
tensor([[-1.5995, -0.2256]])
1.3738853931427002
1|1 1|1
tensor([[-1.4444, -0.2690]])
1.1753475666046143
1|0 1|0
tensor([[-1.1511, -0.3802]])
0.7708665728569031
1|0 1|0
tensor([[-1.1404, -0.3852]])
0.7551964521408081
1|0 1|0
tensor([[-1.1290, -0.3906]])
0.7383356094360352
1|1 1|1
tensor([[-1.4024, -0.2824]])
1.12003493309021
1|0 1|0
tensor([[-1.2611, -0.3332]])
0.9279353022575378
1|1 1|1
tensor([[-1.1376, -0.3865]])
0.7511000633239746
1|0 1|0
tensor([[-1.1545, -0.3786]])
0.7759034037590027
1|0 1|0
tensor([[-1.1402, -0.3853]])
0.7549517154693604
1|0 1|0
tensor([[-1.1365, -0.3870]])
0.7494742274284363
1|0 1|0
tensor([[-1.4225, -0.2759]])
1.1466249227523804
1|0 1|0
tensor([[-1.1348, -0.3879]])
0.7469288110733032
1|0 1|0
tensor([[-1.1398, -0.3855]])
0.7543331384658813
1|1 1|1
tensor([[-1.1398, -0.3855]])
0.7542989253997803
1|1 1|1
tensor([[-1.1352, -0.3877]])
0.7475365400314331
1|1 1|1
tensor([[-1.1241, -0.3930]])
0.7311282157897949
1|1 1|1
tensor([[-1.1303, -0.3900]])
0.7403277158737183
1|1 1|1
tensor([[-1.8871, -0.1643]])
1.7227715253829956
1|0 1|0
tensor([[-1.1518, -0.3799]])
0.7718956470489502
1|0 1|0
tensor([[-1.2895, -0.3221]])
0.9673506021499634
1|1 1|1
tensor([[-1.1420, -0.3845]])
0.7575081586837769
1|0 1|0
tensor([[-1.1597, -0.3763]])
0.7834696769714355
1|1 1|1
tensor([[-1.1401, -0.3854]])
0.7546771764755249
1|0 1|0
tensor([[-1.9554, -0.1526]])
1.8027786016464233
1|1 1|1
tensor([[-1.1771, -0.3684]])
0.808719277381897
1|1 1|1
tensor([[-1.1407, -0.3851]])
0.7555620670318604
1|1 1|1
tensor([[-1.1334, -0.3885]])
0.744835376739502
1|0 1|0
tensor([[-1.1450, -0.3831]])
0.7619002461433411
1|1 1|1
tensor([[-1.6853, -0.2050]])
1.4802446365356445
1|0 1|0
tensor([[-1.4773, -0.2591]])
1.218139886856079
1|1 1|1
tensor([[-1.1854, -0.3647]])
0.8207233548164368
1|0 1|0
tensor([[-1.1387, -0.3860]])
0.7527580857276917
1|0 1|0
tensor([[-1.5515, -0.2382]])
1.3133769035339355
1|1 1|1
tensor([[-1.5560, -0.2370]])
1.3189760446548462
1|0 1|0
tensor([[-1.1361, -0.3872]])
0.7489191889762878
1|1 1|1
tensor([[-1.8609, -0.1690]])
1.6918951272964478
1|1 1|1
tensor([[-1.1457, -0.3827]])
0.7629169821739197
1|0 1|0
tensor([[-1.1457, -0.3827]])
0.7629169821739197
1|0 1|0
tensor([[-1.1457, -0.3827]])
0.7629169821739197
1|0 1|0
tensor([[-1.1457, -0.3827]])
0.762927770614624
1|0 1|0
tensor([[-1.1446, -0.3833]])
0.7612905502319336
1|0 1|0
tensor([[-1.1530, -0.3793]])
0.7736491560935974
1|1 1|1
tensor([[-1.1557, -0.3781]])
0.7775838375091553
1|0 1|0
tensor([[-2.1880, -0.1189]])
2.0690722465515137
1|0 1|0
tensor([[-1.2797, -0.3259]])
0.9537472724914551
1|1 1|1
tensor([[-1.1470, -0.3821]])
0.7648540735244751
1|0 1|0
tensor([[-1.1475, -0.3819]])
0.7656124830245972
1|0 1|0
tensor([[-1.2575, -0.3346]])
0.9229811429977417
1|0 1|0
tensor([[-1.1499, -0.3808]])
0.7691812515258789
1|0 1|0
tensor([[-1.1562, -0.3779]])
0.7782821655273438
1|1 1|1
tensor([[-1.1560, -0.3780]])
0.7780396938323975
1|1 1|1
tensor([[-1.1438, -0.3836]])
0.7601646184921265
1|0 1|0
tensor([[-0.8495, -0.5580]])
0.2914479970932007
1|1 0|1
tensor([[-1.1312, -0.3896]])
0.741614818572998
1|1 1|1
tensor([[-1.8290, -0.1750]])
1.6539263725280762
1|1 1|1
tensor([[-1.1756, -0.3691]])
0.8064801692962646
1|1 1|1
tensor([[-1.1606, -0.3759]])
0.7847570180892944
1|0 1|0
tensor([[-1.3477, -0.3009]])
1.0468239784240723
1|0 1|0
baseline
Accuracy: 0.439394
Accuracy 0: 0.000000 37
Accuracy 1: 1.000000 29
threshold
Accuracy: 0.424242
Accuracy 0: 0.000000 37
Accuracy 1: 0.965517 29
threshold: 0.7500000000000002
tensor([[-1.2225, -0.3488]])
0.8736476898193359
1|1 1|1
tensor([[-1.1415, -0.3847]])
0.7567440867424011
1|1 1|1
tensor([[-1.2979, -0.3190]])
0.9789392352104187
1|0 1|0
tensor([[-1.6501, -0.2132]])
1.4369087219238281
1|0 1|0
tensor([[-1.1473, -0.3820]])
0.765314519405365
1|0 1|0
tensor([[-1.2552, -0.3355]])
0.9196443557739258
1|0 1|0
tensor([[-1.1326, -0.3889]])
0.7437669038772583
1|1 0|1
tensor([[-1.5995, -0.2256]])
1.3738853931427002
1|1 1|1
tensor([[-1.4444, -0.2690]])
1.1753475666046143
1|0 1|0
tensor([[-1.1511, -0.3802]])
0.7708665728569031
1|0 1|0
tensor([[-1.1404, -0.3852]])
0.7551964521408081
1|0 1|0
tensor([[-1.1290, -0.3906]])
0.7383356094360352
1|1 0|1
tensor([[-1.4024, -0.2824]])
1.12003493309021
1|0 1|0
tensor([[-1.2611, -0.3332]])
0.9279353022575378
1|1 1|1
tensor([[-1.1376, -0.3865]])
0.7511000633239746
1|0 1|0
tensor([[-1.1545, -0.3786]])
0.7759034037590027
1|0 1|0
tensor([[-1.1402, -0.3853]])
0.7549517154693604
1|0 1|0
tensor([[-1.1365, -0.3870]])
0.7494742274284363
1|0 0|0
tensor([[-1.4225, -0.2759]])
1.1466249227523804
1|0 1|0
tensor([[-1.1348, -0.3879]])
0.7469288110733032
1|0 0|0
tensor([[-1.1398, -0.3855]])
0.7543331384658813
1|1 1|1
tensor([[-1.1398, -0.3855]])
0.7542989253997803
1|1 1|1
tensor([[-1.1352, -0.3877]])
0.7475365400314331
1|1 0|1
tensor([[-1.1241, -0.3930]])
0.7311282157897949
1|1 0|1
tensor([[-1.1303, -0.3900]])
0.7403277158737183
1|1 0|1
tensor([[-1.8871, -0.1643]])
1.7227715253829956
1|0 1|0
tensor([[-1.1518, -0.3799]])
0.7718956470489502
1|0 1|0
tensor([[-1.2895, -0.3221]])
0.9673506021499634
1|1 1|1
tensor([[-1.1420, -0.3845]])
0.7575081586837769
1|0 1|0
tensor([[-1.1597, -0.3763]])
0.7834696769714355
1|1 1|1
tensor([[-1.1401, -0.3854]])
0.7546771764755249
1|0 1|0
tensor([[-1.9554, -0.1526]])
1.8027786016464233
1|1 1|1
tensor([[-1.1771, -0.3684]])
0.808719277381897
1|1 1|1
tensor([[-1.1407, -0.3851]])
0.7555620670318604
1|1 1|1
tensor([[-1.1334, -0.3885]])
0.744835376739502
1|0 0|0
tensor([[-1.1450, -0.3831]])
0.7619002461433411
1|1 1|1
tensor([[-1.6853, -0.2050]])
1.4802446365356445
1|0 1|0
tensor([[-1.4773, -0.2591]])
1.218139886856079
1|1 1|1
tensor([[-1.1854, -0.3647]])
0.8207233548164368
1|0 1|0
tensor([[-1.1387, -0.3860]])
0.7527580857276917
1|0 1|0
tensor([[-1.5515, -0.2382]])
1.3133769035339355
1|1 1|1
tensor([[-1.5560, -0.2370]])
1.3189760446548462
1|0 1|0
tensor([[-1.1361, -0.3872]])
0.7489191889762878
1|1 0|1
tensor([[-1.8609, -0.1690]])
1.6918951272964478
1|1 1|1
tensor([[-1.1457, -0.3827]])
0.7629169821739197
1|0 1|0
tensor([[-1.1457, -0.3827]])
0.7629169821739197
1|0 1|0
tensor([[-1.1457, -0.3827]])
0.7629169821739197
1|0 1|0
tensor([[-1.1457, -0.3827]])
0.762927770614624
1|0 1|0
tensor([[-1.1446, -0.3833]])
0.7612905502319336
1|0 1|0
tensor([[-1.1530, -0.3793]])
0.7736491560935974
1|1 1|1
tensor([[-1.1557, -0.3781]])
0.7775838375091553
1|0 1|0
tensor([[-2.1880, -0.1189]])
2.0690722465515137
1|0 1|0
tensor([[-1.2797, -0.3259]])
0.9537472724914551
1|1 1|1
tensor([[-1.1470, -0.3821]])
0.7648540735244751
1|0 1|0
tensor([[-1.1475, -0.3819]])
0.7656124830245972
1|0 1|0
tensor([[-1.2575, -0.3346]])
0.9229811429977417
1|0 1|0
tensor([[-1.1499, -0.3808]])
0.7691812515258789
1|0 1|0
tensor([[-1.1562, -0.3779]])
0.7782821655273438
1|1 1|1
tensor([[-1.1560, -0.3780]])
0.7780396938323975
1|1 1|1
tensor([[-1.1438, -0.3836]])
0.7601646184921265
1|0 1|0
tensor([[-0.8495, -0.5580]])
0.2914479970932007
1|1 0|1
tensor([[-1.1312, -0.3896]])
0.741614818572998
1|1 0|1
tensor([[-1.8290, -0.1750]])
1.6539263725280762
1|1 1|1
tensor([[-1.1756, -0.3691]])
0.8064801692962646
1|1 1|1
tensor([[-1.1606, -0.3759]])
0.7847570180892944
1|0 1|0
tensor([[-1.3477, -0.3009]])
1.0468239784240723
1|0 1|0
baseline
Accuracy: 0.439394
Accuracy 0: 0.000000 37
Accuracy 1: 1.000000 29
threshold
Accuracy: 0.363636
Accuracy 0: 0.081081 37
Accuracy 1: 0.724138 29
threshold: 0.8000000000000003
tensor([[-1.2225, -0.3488]])
0.8736476898193359
1|1 1|1
tensor([[-1.1415, -0.3847]])
0.7567440867424011
1|1 0|1
tensor([[-1.2979, -0.3190]])
0.9789392352104187
1|0 1|0
tensor([[-1.6501, -0.2132]])
1.4369087219238281
1|0 1|0
tensor([[-1.1473, -0.3820]])
0.765314519405365
1|0 0|0
tensor([[-1.2552, -0.3355]])
0.9196443557739258
1|0 1|0
tensor([[-1.1326, -0.3889]])
0.7437669038772583
1|1 0|1
tensor([[-1.5995, -0.2256]])
1.3738853931427002
1|1 1|1
tensor([[-1.4444, -0.2690]])
1.1753475666046143
1|0 1|0
tensor([[-1.1511, -0.3802]])
0.7708665728569031
1|0 0|0
tensor([[-1.1404, -0.3852]])
0.7551964521408081
1|0 0|0
tensor([[-1.1290, -0.3906]])
0.7383356094360352
1|1 0|1
tensor([[-1.4024, -0.2824]])
1.12003493309021
1|0 1|0
tensor([[-1.2611, -0.3332]])
0.9279353022575378
1|1 1|1
tensor([[-1.1376, -0.3865]])
0.7511000633239746
1|0 0|0
tensor([[-1.1545, -0.3786]])
0.7759034037590027
1|0 0|0
tensor([[-1.1402, -0.3853]])
0.7549517154693604
1|0 0|0
tensor([[-1.1365, -0.3870]])
0.7494742274284363
1|0 0|0
tensor([[-1.4225, -0.2759]])
1.1466249227523804
1|0 1|0
tensor([[-1.1348, -0.3879]])
0.7469288110733032
1|0 0|0
tensor([[-1.1398, -0.3855]])
0.7543331384658813
1|1 0|1
tensor([[-1.1398, -0.3855]])
0.7542989253997803
1|1 0|1
tensor([[-1.1352, -0.3877]])
0.7475365400314331
1|1 0|1
tensor([[-1.1241, -0.3930]])
0.7311282157897949
1|1 0|1
tensor([[-1.1303, -0.3900]])
0.7403277158737183
1|1 0|1
tensor([[-1.8871, -0.1643]])
1.7227715253829956
1|0 1|0
tensor([[-1.1518, -0.3799]])
0.7718956470489502
1|0 0|0
tensor([[-1.2895, -0.3221]])
0.9673506021499634
1|1 1|1
tensor([[-1.1420, -0.3845]])
0.7575081586837769
1|0 0|0
tensor([[-1.1597, -0.3763]])
0.7834696769714355
1|1 0|1
tensor([[-1.1401, -0.3854]])
0.7546771764755249
1|0 0|0
tensor([[-1.9554, -0.1526]])
1.8027786016464233
1|1 1|1
tensor([[-1.1771, -0.3684]])
0.808719277381897
1|1 1|1
tensor([[-1.1407, -0.3851]])
0.7555620670318604
1|1 0|1
tensor([[-1.1334, -0.3885]])
0.744835376739502
1|0 0|0
tensor([[-1.1450, -0.3831]])
0.7619002461433411
1|1 0|1
tensor([[-1.6853, -0.2050]])
1.4802446365356445
1|0 1|0
tensor([[-1.4773, -0.2591]])
1.218139886856079
1|1 1|1
tensor([[-1.1854, -0.3647]])
0.8207233548164368
1|0 1|0
tensor([[-1.1387, -0.3860]])
0.7527580857276917
1|0 0|0
tensor([[-1.5515, -0.2382]])
1.3133769035339355
1|1 1|1
tensor([[-1.5560, -0.2370]])
1.3189760446548462
1|0 1|0
tensor([[-1.1361, -0.3872]])
0.7489191889762878
1|1 0|1
tensor([[-1.8609, -0.1690]])
1.6918951272964478
1|1 1|1
tensor([[-1.1457, -0.3827]])
0.7629169821739197
1|0 0|0
tensor([[-1.1457, -0.3827]])
0.7629169821739197
1|0 0|0
tensor([[-1.1457, -0.3827]])
0.7629169821739197
1|0 0|0
tensor([[-1.1457, -0.3827]])
0.762927770614624
1|0 0|0
tensor([[-1.1446, -0.3833]])
0.7612905502319336
1|0 0|0
tensor([[-1.1530, -0.3793]])
0.7736491560935974
1|1 0|1
tensor([[-1.1557, -0.3781]])
0.7775838375091553
1|0 0|0
tensor([[-2.1880, -0.1189]])
2.0690722465515137
1|0 1|0
tensor([[-1.2797, -0.3259]])
0.9537472724914551
1|1 1|1
tensor([[-1.1470, -0.3821]])
0.7648540735244751
1|0 0|0
tensor([[-1.1475, -0.3819]])
0.7656124830245972
1|0 0|0
tensor([[-1.2575, -0.3346]])
0.9229811429977417
1|0 1|0
tensor([[-1.1499, -0.3808]])
0.7691812515258789
1|0 0|0
tensor([[-1.1562, -0.3779]])
0.7782821655273438
1|1 0|1
tensor([[-1.1560, -0.3780]])
0.7780396938323975
1|1 0|1
tensor([[-1.1438, -0.3836]])
0.7601646184921265
1|0 0|0
tensor([[-0.8495, -0.5580]])
0.2914479970932007
1|1 0|1
tensor([[-1.1312, -0.3896]])
0.741614818572998
1|1 0|1
tensor([[-1.8290, -0.1750]])
1.6539263725280762
1|1 1|1
tensor([[-1.1756, -0.3691]])
0.8064801692962646
1|1 1|1
tensor([[-1.1606, -0.3759]])
0.7847570180892944
1|0 0|0
tensor([[-1.3477, -0.3009]])
1.0468239784240723
1|0 1|0
baseline
Accuracy: 0.439394
Accuracy 0: 0.000000 37
Accuracy 1: 1.000000 29
threshold
Accuracy: 0.545455
Accuracy 0: 0.648649 37
Accuracy 1: 0.413793 29
threshold: 0.8500000000000003
tensor([[-1.2225, -0.3488]])
0.8736476898193359
1|1 1|1
tensor([[-1.1415, -0.3847]])
0.7567440867424011
1|1 0|1
tensor([[-1.2979, -0.3190]])
0.9789392352104187
1|0 1|0
tensor([[-1.6501, -0.2132]])
1.4369087219238281
1|0 1|0
tensor([[-1.1473, -0.3820]])
0.765314519405365
1|0 0|0
tensor([[-1.2552, -0.3355]])
0.9196443557739258
1|0 1|0
tensor([[-1.1326, -0.3889]])
0.7437669038772583
1|1 0|1
tensor([[-1.5995, -0.2256]])
1.3738853931427002
1|1 1|1
tensor([[-1.4444, -0.2690]])
1.1753475666046143
1|0 1|0
tensor([[-1.1511, -0.3802]])
0.7708665728569031
1|0 0|0
tensor([[-1.1404, -0.3852]])
0.7551964521408081
1|0 0|0
tensor([[-1.1290, -0.3906]])
0.7383356094360352
1|1 0|1
tensor([[-1.4024, -0.2824]])
1.12003493309021
1|0 1|0
tensor([[-1.2611, -0.3332]])
0.9279353022575378
1|1 1|1
tensor([[-1.1376, -0.3865]])
0.7511000633239746
1|0 0|0
tensor([[-1.1545, -0.3786]])
0.7759034037590027
1|0 0|0
tensor([[-1.1402, -0.3853]])
0.7549517154693604
1|0 0|0
tensor([[-1.1365, -0.3870]])
0.7494742274284363
1|0 0|0
tensor([[-1.4225, -0.2759]])
1.1466249227523804
1|0 1|0
tensor([[-1.1348, -0.3879]])
0.7469288110733032
1|0 0|0
tensor([[-1.1398, -0.3855]])
0.7543331384658813
1|1 0|1
tensor([[-1.1398, -0.3855]])
0.7542989253997803
1|1 0|1
tensor([[-1.1352, -0.3877]])
0.7475365400314331
1|1 0|1
tensor([[-1.1241, -0.3930]])
0.7311282157897949
1|1 0|1
tensor([[-1.1303, -0.3900]])
0.7403277158737183
1|1 0|1
tensor([[-1.8871, -0.1643]])
1.7227715253829956
1|0 1|0
tensor([[-1.1518, -0.3799]])
0.7718956470489502
1|0 0|0
tensor([[-1.2895, -0.3221]])
0.9673506021499634
1|1 1|1
tensor([[-1.1420, -0.3845]])
0.7575081586837769
1|0 0|0
tensor([[-1.1597, -0.3763]])
0.7834696769714355
1|1 0|1
tensor([[-1.1401, -0.3854]])
0.7546771764755249
1|0 0|0
tensor([[-1.9554, -0.1526]])
1.8027786016464233
1|1 1|1
tensor([[-1.1771, -0.3684]])
0.808719277381897
1|1 0|1
tensor([[-1.1407, -0.3851]])
0.7555620670318604
1|1 0|1
tensor([[-1.1334, -0.3885]])
0.744835376739502
1|0 0|0
tensor([[-1.1450, -0.3831]])
0.7619002461433411
1|1 0|1
tensor([[-1.6853, -0.2050]])
1.4802446365356445
1|0 1|0
tensor([[-1.4773, -0.2591]])
1.218139886856079
1|1 1|1
tensor([[-1.1854, -0.3647]])
0.8207233548164368
1|0 0|0
tensor([[-1.1387, -0.3860]])
0.7527580857276917
1|0 0|0
tensor([[-1.5515, -0.2382]])
1.3133769035339355
1|1 1|1
tensor([[-1.5560, -0.2370]])
1.3189760446548462
1|0 1|0
tensor([[-1.1361, -0.3872]])
0.7489191889762878
1|1 0|1
tensor([[-1.8609, -0.1690]])
1.6918951272964478
1|1 1|1
tensor([[-1.1457, -0.3827]])
0.7629169821739197
1|0 0|0
tensor([[-1.1457, -0.3827]])
0.7629169821739197
1|0 0|0
tensor([[-1.1457, -0.3827]])
0.7629169821739197
1|0 0|0
tensor([[-1.1457, -0.3827]])
0.762927770614624
1|0 0|0
tensor([[-1.1446, -0.3833]])
0.7612905502319336
1|0 0|0
tensor([[-1.1530, -0.3793]])
0.7736491560935974
1|1 0|1
tensor([[-1.1557, -0.3781]])
0.7775838375091553
1|0 0|0
tensor([[-2.1880, -0.1189]])
2.0690722465515137
1|0 1|0
tensor([[-1.2797, -0.3259]])
0.9537472724914551
1|1 1|1
tensor([[-1.1470, -0.3821]])
0.7648540735244751
1|0 0|0
tensor([[-1.1475, -0.3819]])
0.7656124830245972
1|0 0|0
tensor([[-1.2575, -0.3346]])
0.9229811429977417
1|0 1|0
tensor([[-1.1499, -0.3808]])
0.7691812515258789
1|0 0|0
tensor([[-1.1562, -0.3779]])
0.7782821655273438
1|1 0|1
tensor([[-1.1560, -0.3780]])
0.7780396938323975
1|1 0|1
tensor([[-1.1438, -0.3836]])
0.7601646184921265
1|0 0|0
tensor([[-0.8495, -0.5580]])
0.2914479970932007
1|1 0|1
tensor([[-1.1312, -0.3896]])
0.741614818572998
1|1 0|1
tensor([[-1.8290, -0.1750]])
1.6539263725280762
1|1 1|1
tensor([[-1.1756, -0.3691]])
0.8064801692962646
1|1 0|1
tensor([[-1.1606, -0.3759]])
0.7847570180892944
1|0 0|0
tensor([[-1.3477, -0.3009]])
1.0468239784240723
1|0 1|0
baseline
Accuracy: 0.439394
Accuracy 0: 0.000000 37
Accuracy 1: 1.000000 29
threshold
Accuracy: 0.530303
Accuracy 0: 0.675676 37
Accuracy 1: 0.344828 29
threshold: 0.9000000000000004
tensor([[-1.2225, -0.3488]])
0.8736476898193359
1|1 0|1
tensor([[-1.1415, -0.3847]])
0.7567440867424011
1|1 0|1
tensor([[-1.2979, -0.3190]])
0.9789392352104187
1|0 1|0
tensor([[-1.6501, -0.2132]])
1.4369087219238281
1|0 1|0
tensor([[-1.1473, -0.3820]])
0.765314519405365
1|0 0|0
tensor([[-1.2552, -0.3355]])
0.9196443557739258
1|0 1|0
tensor([[-1.1326, -0.3889]])
0.7437669038772583
1|1 0|1
tensor([[-1.5995, -0.2256]])
1.3738853931427002
1|1 1|1
tensor([[-1.4444, -0.2690]])
1.1753475666046143
1|0 1|0
tensor([[-1.1511, -0.3802]])
0.7708665728569031
1|0 0|0
tensor([[-1.1404, -0.3852]])
0.7551964521408081
1|0 0|0
tensor([[-1.1290, -0.3906]])
0.7383356094360352
1|1 0|1
tensor([[-1.4024, -0.2824]])
1.12003493309021
1|0 1|0
tensor([[-1.2611, -0.3332]])
0.9279353022575378
1|1 1|1
tensor([[-1.1376, -0.3865]])
0.7511000633239746
1|0 0|0
tensor([[-1.1545, -0.3786]])
0.7759034037590027
1|0 0|0
tensor([[-1.1402, -0.3853]])
0.7549517154693604
1|0 0|0
tensor([[-1.1365, -0.3870]])
0.7494742274284363
1|0 0|0
tensor([[-1.4225, -0.2759]])
1.1466249227523804
1|0 1|0
tensor([[-1.1348, -0.3879]])
0.7469288110733032
1|0 0|0
tensor([[-1.1398, -0.3855]])
0.7543331384658813
1|1 0|1
tensor([[-1.1398, -0.3855]])
0.7542989253997803
1|1 0|1
tensor([[-1.1352, -0.3877]])
0.7475365400314331
1|1 0|1
tensor([[-1.1241, -0.3930]])
0.7311282157897949
1|1 0|1
tensor([[-1.1303, -0.3900]])
0.7403277158737183
1|1 0|1
tensor([[-1.8871, -0.1643]])
1.7227715253829956
1|0 1|0
tensor([[-1.1518, -0.3799]])
0.7718956470489502
1|0 0|0
tensor([[-1.2895, -0.3221]])
0.9673506021499634
1|1 1|1
tensor([[-1.1420, -0.3845]])
0.7575081586837769
1|0 0|0
tensor([[-1.1597, -0.3763]])
0.7834696769714355
1|1 0|1
tensor([[-1.1401, -0.3854]])
0.7546771764755249
1|0 0|0
tensor([[-1.9554, -0.1526]])
1.8027786016464233
1|1 1|1
tensor([[-1.1771, -0.3684]])
0.808719277381897
1|1 0|1
tensor([[-1.1407, -0.3851]])
0.7555620670318604
1|1 0|1
tensor([[-1.1334, -0.3885]])
0.744835376739502
1|0 0|0
tensor([[-1.1450, -0.3831]])
0.7619002461433411
1|1 0|1
tensor([[-1.6853, -0.2050]])
1.4802446365356445
1|0 1|0
tensor([[-1.4773, -0.2591]])
1.218139886856079
1|1 1|1
tensor([[-1.1854, -0.3647]])
0.8207233548164368
1|0 0|0
tensor([[-1.1387, -0.3860]])
0.7527580857276917
1|0 0|0
tensor([[-1.5515, -0.2382]])
1.3133769035339355
1|1 1|1
tensor([[-1.5560, -0.2370]])
1.3189760446548462
1|0 1|0
tensor([[-1.1361, -0.3872]])
0.7489191889762878
1|1 0|1
tensor([[-1.8609, -0.1690]])
1.6918951272964478
1|1 1|1
tensor([[-1.1457, -0.3827]])
0.7629169821739197
1|0 0|0
tensor([[-1.1457, -0.3827]])
0.7629169821739197
1|0 0|0
tensor([[-1.1457, -0.3827]])
0.7629169821739197
1|0 0|0
tensor([[-1.1457, -0.3827]])
0.762927770614624
1|0 0|0
tensor([[-1.1446, -0.3833]])
0.7612905502319336
1|0 0|0
tensor([[-1.1530, -0.3793]])
0.7736491560935974
1|1 0|1
tensor([[-1.1557, -0.3781]])
0.7775838375091553
1|0 0|0
tensor([[-2.1880, -0.1189]])
2.0690722465515137
1|0 1|0
tensor([[-1.2797, -0.3259]])
0.9537472724914551
1|1 1|1
tensor([[-1.1470, -0.3821]])
0.7648540735244751
1|0 0|0
tensor([[-1.1475, -0.3819]])
0.7656124830245972
1|0 0|0
tensor([[-1.2575, -0.3346]])
0.9229811429977417
1|0 1|0
tensor([[-1.1499, -0.3808]])
0.7691812515258789
1|0 0|0
tensor([[-1.1562, -0.3779]])
0.7782821655273438
1|1 0|1
tensor([[-1.1560, -0.3780]])
0.7780396938323975
1|1 0|1
tensor([[-1.1438, -0.3836]])
0.7601646184921265
1|0 0|0
tensor([[-0.8495, -0.5580]])
0.2914479970932007
1|1 0|1
tensor([[-1.1312, -0.3896]])
0.741614818572998
1|1 0|1
tensor([[-1.8290, -0.1750]])
1.6539263725280762
1|1 1|1
tensor([[-1.1756, -0.3691]])
0.8064801692962646
1|1 0|1
tensor([[-1.1606, -0.3759]])
0.7847570180892944
1|0 0|0
tensor([[-1.3477, -0.3009]])
1.0468239784240723
1|0 1|0
baseline
Accuracy: 0.439394
Accuracy 0: 0.000000 37
Accuracy 1: 1.000000 29
threshold
Accuracy: 0.515152
Accuracy 0: 0.675676 37
Accuracy 1: 0.310345 29
threshold: 0.9500000000000004
tensor([[-1.2225, -0.3488]])
0.8736476898193359
1|1 0|1
tensor([[-1.1415, -0.3847]])
0.7567440867424011
1|1 0|1
tensor([[-1.2979, -0.3190]])
0.9789392352104187
1|0 1|0
tensor([[-1.6501, -0.2132]])
1.4369087219238281
1|0 1|0
tensor([[-1.1473, -0.3820]])
0.765314519405365
1|0 0|0
tensor([[-1.2552, -0.3355]])
0.9196443557739258
1|0 0|0
tensor([[-1.1326, -0.3889]])
0.7437669038772583
1|1 0|1
tensor([[-1.5995, -0.2256]])
1.3738853931427002
1|1 1|1
tensor([[-1.4444, -0.2690]])
1.1753475666046143
1|0 1|0
tensor([[-1.1511, -0.3802]])
0.7708665728569031
1|0 0|0
tensor([[-1.1404, -0.3852]])
0.7551964521408081
1|0 0|0
tensor([[-1.1290, -0.3906]])
0.7383356094360352
1|1 0|1
tensor([[-1.4024, -0.2824]])
1.12003493309021
1|0 1|0
tensor([[-1.2611, -0.3332]])
0.9279353022575378
1|1 0|1
tensor([[-1.1376, -0.3865]])
0.7511000633239746
1|0 0|0
tensor([[-1.1545, -0.3786]])
0.7759034037590027
1|0 0|0
tensor([[-1.1402, -0.3853]])
0.7549517154693604
1|0 0|0
tensor([[-1.1365, -0.3870]])
0.7494742274284363
1|0 0|0
tensor([[-1.4225, -0.2759]])
1.1466249227523804
1|0 1|0
tensor([[-1.1348, -0.3879]])
0.7469288110733032
1|0 0|0
tensor([[-1.1398, -0.3855]])
0.7543331384658813
1|1 0|1
tensor([[-1.1398, -0.3855]])
0.7542989253997803
1|1 0|1
tensor([[-1.1352, -0.3877]])
0.7475365400314331
1|1 0|1
tensor([[-1.1241, -0.3930]])
0.7311282157897949
1|1 0|1
tensor([[-1.1303, -0.3900]])
0.7403277158737183
1|1 0|1
tensor([[-1.8871, -0.1643]])
1.7227715253829956
1|0 1|0
tensor([[-1.1518, -0.3799]])
0.7718956470489502
1|0 0|0
tensor([[-1.2895, -0.3221]])
0.9673506021499634
1|1 1|1
tensor([[-1.1420, -0.3845]])
0.7575081586837769
1|0 0|0
tensor([[-1.1597, -0.3763]])
0.7834696769714355
1|1 0|1
tensor([[-1.1401, -0.3854]])
0.7546771764755249
1|0 0|0
tensor([[-1.9554, -0.1526]])
1.8027786016464233
1|1 1|1
tensor([[-1.1771, -0.3684]])
0.808719277381897
1|1 0|1
tensor([[-1.1407, -0.3851]])
0.7555620670318604
1|1 0|1
tensor([[-1.1334, -0.3885]])
0.744835376739502
1|0 0|0
tensor([[-1.1450, -0.3831]])
0.7619002461433411
1|1 0|1
tensor([[-1.6853, -0.2050]])
1.4802446365356445
1|0 1|0
tensor([[-1.4773, -0.2591]])
1.218139886856079
1|1 1|1
tensor([[-1.1854, -0.3647]])
0.8207233548164368
1|0 0|0
tensor([[-1.1387, -0.3860]])
0.7527580857276917
1|0 0|0
tensor([[-1.5515, -0.2382]])
1.3133769035339355
1|1 1|1
tensor([[-1.5560, -0.2370]])
1.3189760446548462
1|0 1|0
tensor([[-1.1361, -0.3872]])
0.7489191889762878
1|1 0|1
tensor([[-1.8609, -0.1690]])
1.6918951272964478
1|1 1|1
tensor([[-1.1457, -0.3827]])
0.7629169821739197
1|0 0|0
tensor([[-1.1457, -0.3827]])
0.7629169821739197
1|0 0|0
tensor([[-1.1457, -0.3827]])
0.7629169821739197
1|0 0|0
tensor([[-1.1457, -0.3827]])
0.762927770614624
1|0 0|0
tensor([[-1.1446, -0.3833]])
0.7612905502319336
1|0 0|0
tensor([[-1.1530, -0.3793]])
0.7736491560935974
1|1 0|1
tensor([[-1.1557, -0.3781]])
0.7775838375091553
1|0 0|0
tensor([[-2.1880, -0.1189]])
2.0690722465515137
1|0 1|0
tensor([[-1.2797, -0.3259]])
0.9537472724914551
1|1 1|1
tensor([[-1.1470, -0.3821]])
0.7648540735244751
1|0 0|0
tensor([[-1.1475, -0.3819]])
0.7656124830245972
1|0 0|0
tensor([[-1.2575, -0.3346]])
0.9229811429977417
1|0 0|0
tensor([[-1.1499, -0.3808]])
0.7691812515258789
1|0 0|0
tensor([[-1.1562, -0.3779]])
0.7782821655273438
1|1 0|1
tensor([[-1.1560, -0.3780]])
0.7780396938323975
1|1 0|1
tensor([[-1.1438, -0.3836]])
0.7601646184921265
1|0 0|0
tensor([[-0.8495, -0.5580]])
0.2914479970932007
1|1 0|1
tensor([[-1.1312, -0.3896]])
0.741614818572998
1|1 0|1
tensor([[-1.8290, -0.1750]])
1.6539263725280762
1|1 1|1
tensor([[-1.1756, -0.3691]])
0.8064801692962646
1|1 0|1
tensor([[-1.1606, -0.3759]])
0.7847570180892944
1|0 0|0
tensor([[-1.3477, -0.3009]])
1.0468239784240723
1|0 1|0
baseline
Accuracy: 0.439394
Accuracy 0: 0.000000 37
Accuracy 1: 1.000000 29
threshold
Accuracy: 0.530303
Accuracy 0: 0.729730 37
Accuracy 1: 0.275862 29
threshold: 1.0000000000000004
tensor([[-1.2225, -0.3488]])
0.8736476898193359
1|1 0|1
tensor([[-1.1415, -0.3847]])
0.7567440867424011
1|1 0|1
tensor([[-1.2979, -0.3190]])
0.9789392352104187
1|0 0|0
tensor([[-1.6501, -0.2132]])
1.4369087219238281
1|0 1|0
tensor([[-1.1473, -0.3820]])
0.765314519405365
1|0 0|0
tensor([[-1.2552, -0.3355]])
0.9196443557739258
1|0 0|0
tensor([[-1.1326, -0.3889]])
0.7437669038772583
1|1 0|1
tensor([[-1.5995, -0.2256]])
1.3738853931427002
1|1 1|1
tensor([[-1.4444, -0.2690]])
1.1753475666046143
1|0 1|0
tensor([[-1.1511, -0.3802]])
0.7708665728569031
1|0 0|0
tensor([[-1.1404, -0.3852]])
0.7551964521408081
1|0 0|0
tensor([[-1.1290, -0.3906]])
0.7383356094360352
1|1 0|1
tensor([[-1.4024, -0.2824]])
1.12003493309021
1|0 1|0
tensor([[-1.2611, -0.3332]])
0.9279353022575378
1|1 0|1
tensor([[-1.1376, -0.3865]])
0.7511000633239746
1|0 0|0
tensor([[-1.1545, -0.3786]])
0.7759034037590027
1|0 0|0
tensor([[-1.1402, -0.3853]])
0.7549517154693604
1|0 0|0
tensor([[-1.1365, -0.3870]])
0.7494742274284363
1|0 0|0
tensor([[-1.4225, -0.2759]])
1.1466249227523804
1|0 1|0
tensor([[-1.1348, -0.3879]])
0.7469288110733032
1|0 0|0
tensor([[-1.1398, -0.3855]])
0.7543331384658813
1|1 0|1
tensor([[-1.1398, -0.3855]])
0.7542989253997803
1|1 0|1
tensor([[-1.1352, -0.3877]])
0.7475365400314331
1|1 0|1
tensor([[-1.1241, -0.3930]])
0.7311282157897949
1|1 0|1
tensor([[-1.1303, -0.3900]])
0.7403277158737183
1|1 0|1
tensor([[-1.8871, -0.1643]])
1.7227715253829956
1|0 1|0
tensor([[-1.1518, -0.3799]])
0.7718956470489502
1|0 0|0
tensor([[-1.2895, -0.3221]])
0.9673506021499634
1|1 0|1
tensor([[-1.1420, -0.3845]])
0.7575081586837769
1|0 0|0
tensor([[-1.1597, -0.3763]])
0.7834696769714355
1|1 0|1
tensor([[-1.1401, -0.3854]])
0.7546771764755249
1|0 0|0
tensor([[-1.9554, -0.1526]])
1.8027786016464233
1|1 1|1
tensor([[-1.1771, -0.3684]])
0.808719277381897
1|1 0|1
tensor([[-1.1407, -0.3851]])
0.7555620670318604
1|1 0|1
tensor([[-1.1334, -0.3885]])
0.744835376739502
1|0 0|0
tensor([[-1.1450, -0.3831]])
0.7619002461433411
1|1 0|1
tensor([[-1.6853, -0.2050]])
1.4802446365356445
1|0 1|0
tensor([[-1.4773, -0.2591]])
1.218139886856079
1|1 1|1
tensor([[-1.1854, -0.3647]])
0.8207233548164368
1|0 0|0
tensor([[-1.1387, -0.3860]])
0.7527580857276917
1|0 0|0
tensor([[-1.5515, -0.2382]])
1.3133769035339355
1|1 1|1
tensor([[-1.5560, -0.2370]])
1.3189760446548462
1|0 1|0
tensor([[-1.1361, -0.3872]])
0.7489191889762878
1|1 0|1
tensor([[-1.8609, -0.1690]])
1.6918951272964478
1|1 1|1
tensor([[-1.1457, -0.3827]])
0.7629169821739197
1|0 0|0
tensor([[-1.1457, -0.3827]])
0.7629169821739197
1|0 0|0
tensor([[-1.1457, -0.3827]])
0.7629169821739197
1|0 0|0
tensor([[-1.1457, -0.3827]])
0.762927770614624
1|0 0|0
tensor([[-1.1446, -0.3833]])
0.7612905502319336
1|0 0|0
tensor([[-1.1530, -0.3793]])
0.7736491560935974
1|1 0|1
tensor([[-1.1557, -0.3781]])
0.7775838375091553
1|0 0|0
tensor([[-2.1880, -0.1189]])
2.0690722465515137
1|0 1|0
tensor([[-1.2797, -0.3259]])
0.9537472724914551
1|1 0|1
tensor([[-1.1470, -0.3821]])
0.7648540735244751
1|0 0|0
tensor([[-1.1475, -0.3819]])
0.7656124830245972
1|0 0|0
tensor([[-1.2575, -0.3346]])
0.9229811429977417
1|0 0|0
tensor([[-1.1499, -0.3808]])
0.7691812515258789
1|0 0|0
tensor([[-1.1562, -0.3779]])
0.7782821655273438
1|1 0|1
tensor([[-1.1560, -0.3780]])
0.7780396938323975
1|1 0|1
tensor([[-1.1438, -0.3836]])
0.7601646184921265
1|0 0|0
tensor([[-0.8495, -0.5580]])
0.2914479970932007
1|1 0|1
tensor([[-1.1312, -0.3896]])
0.741614818572998
1|1 0|1
tensor([[-1.8290, -0.1750]])
1.6539263725280762
1|1 1|1
tensor([[-1.1756, -0.3691]])
0.8064801692962646
1|1 0|1
tensor([[-1.1606, -0.3759]])
0.7847570180892944
1|0 0|0
tensor([[-1.3477, -0.3009]])
1.0468239784240723
1|0 1|0
baseline
Accuracy: 0.439394
Accuracy 0: 0.000000 37
Accuracy 1: 1.000000 29
threshold
Accuracy: 0.515152
Accuracy 0: 0.756757 37
Accuracy 1: 0.206897 29
threshold: 1.0500000000000005
tensor([[-1.2225, -0.3488]])
0.8736476898193359
1|1 0|1
tensor([[-1.1415, -0.3847]])
0.7567440867424011
1|1 0|1
tensor([[-1.2979, -0.3190]])
0.9789392352104187
1|0 0|0
tensor([[-1.6501, -0.2132]])
1.4369087219238281
1|0 1|0
tensor([[-1.1473, -0.3820]])
0.765314519405365
1|0 0|0
tensor([[-1.2552, -0.3355]])
0.9196443557739258
1|0 0|0
tensor([[-1.1326, -0.3889]])
0.7437669038772583
1|1 0|1
tensor([[-1.5995, -0.2256]])
1.3738853931427002
1|1 1|1
tensor([[-1.4444, -0.2690]])
1.1753475666046143
1|0 1|0
tensor([[-1.1511, -0.3802]])
0.7708665728569031
1|0 0|0
tensor([[-1.1404, -0.3852]])
0.7551964521408081
1|0 0|0
tensor([[-1.1290, -0.3906]])
0.7383356094360352
1|1 0|1
tensor([[-1.4024, -0.2824]])
1.12003493309021
1|0 1|0
tensor([[-1.2611, -0.3332]])
0.9279353022575378
1|1 0|1
tensor([[-1.1376, -0.3865]])
0.7511000633239746
1|0 0|0
tensor([[-1.1545, -0.3786]])
0.7759034037590027
1|0 0|0
tensor([[-1.1402, -0.3853]])
0.7549517154693604
1|0 0|0
tensor([[-1.1365, -0.3870]])
0.7494742274284363
1|0 0|0
tensor([[-1.4225, -0.2759]])
1.1466249227523804
1|0 1|0
tensor([[-1.1348, -0.3879]])
0.7469288110733032
1|0 0|0
tensor([[-1.1398, -0.3855]])
0.7543331384658813
1|1 0|1
tensor([[-1.1398, -0.3855]])
0.7542989253997803
1|1 0|1
tensor([[-1.1352, -0.3877]])
0.7475365400314331
1|1 0|1
tensor([[-1.1241, -0.3930]])
0.7311282157897949
1|1 0|1
tensor([[-1.1303, -0.3900]])
0.7403277158737183
1|1 0|1
tensor([[-1.8871, -0.1643]])
1.7227715253829956
1|0 1|0
tensor([[-1.1518, -0.3799]])
0.7718956470489502
1|0 0|0
tensor([[-1.2895, -0.3221]])
0.9673506021499634
1|1 0|1
tensor([[-1.1420, -0.3845]])
0.7575081586837769
1|0 0|0
tensor([[-1.1597, -0.3763]])
0.7834696769714355
1|1 0|1
tensor([[-1.1401, -0.3854]])
0.7546771764755249
1|0 0|0
tensor([[-1.9554, -0.1526]])
1.8027786016464233
1|1 1|1
tensor([[-1.1771, -0.3684]])
0.808719277381897
1|1 0|1
tensor([[-1.1407, -0.3851]])
0.7555620670318604
1|1 0|1
tensor([[-1.1334, -0.3885]])
0.744835376739502
1|0 0|0
tensor([[-1.1450, -0.3831]])
0.7619002461433411
1|1 0|1
tensor([[-1.6853, -0.2050]])
1.4802446365356445
1|0 1|0
tensor([[-1.4773, -0.2591]])
1.218139886856079
1|1 1|1
tensor([[-1.1854, -0.3647]])
0.8207233548164368
1|0 0|0
tensor([[-1.1387, -0.3860]])
0.7527580857276917
1|0 0|0
tensor([[-1.5515, -0.2382]])
1.3133769035339355
1|1 1|1
tensor([[-1.5560, -0.2370]])
1.3189760446548462
1|0 1|0
tensor([[-1.1361, -0.3872]])
0.7489191889762878
1|1 0|1
tensor([[-1.8609, -0.1690]])
1.6918951272964478
1|1 1|1
tensor([[-1.1457, -0.3827]])
0.7629169821739197
1|0 0|0
tensor([[-1.1457, -0.3827]])
0.7629169821739197
1|0 0|0
tensor([[-1.1457, -0.3827]])
0.7629169821739197
1|0 0|0
tensor([[-1.1457, -0.3827]])
0.762927770614624
1|0 0|0
tensor([[-1.1446, -0.3833]])
0.7612905502319336
1|0 0|0
tensor([[-1.1530, -0.3793]])
0.7736491560935974
1|1 0|1
tensor([[-1.1557, -0.3781]])
0.7775838375091553
1|0 0|0
tensor([[-2.1880, -0.1189]])
2.0690722465515137
1|0 1|0
tensor([[-1.2797, -0.3259]])
0.9537472724914551
1|1 0|1
tensor([[-1.1470, -0.3821]])
0.7648540735244751
1|0 0|0
tensor([[-1.1475, -0.3819]])
0.7656124830245972
1|0 0|0
tensor([[-1.2575, -0.3346]])
0.9229811429977417
1|0 0|0
tensor([[-1.1499, -0.3808]])
0.7691812515258789
1|0 0|0
tensor([[-1.1562, -0.3779]])
0.7782821655273438
1|1 0|1
tensor([[-1.1560, -0.3780]])
0.7780396938323975
1|1 0|1
tensor([[-1.1438, -0.3836]])
0.7601646184921265
1|0 0|0
tensor([[-0.8495, -0.5580]])
0.2914479970932007
1|1 0|1
tensor([[-1.1312, -0.3896]])
0.741614818572998
1|1 0|1
tensor([[-1.8290, -0.1750]])
1.6539263725280762
1|1 1|1
tensor([[-1.1756, -0.3691]])
0.8064801692962646
1|1 0|1
tensor([[-1.1606, -0.3759]])
0.7847570180892944
1|0 0|0
tensor([[-1.3477, -0.3009]])
1.0468239784240723
1|0 0|0
baseline
Accuracy: 0.439394
Accuracy 0: 0.000000 37
Accuracy 1: 1.000000 29
threshold
Accuracy: 0.530303
Accuracy 0: 0.783784 37
Accuracy 1: 0.206897 29
threshold: 1.1000000000000005
tensor([[-1.2225, -0.3488]])
0.8736476898193359
1|1 0|1
tensor([[-1.1415, -0.3847]])
0.7567440867424011
1|1 0|1
tensor([[-1.2979, -0.3190]])
0.9789392352104187
1|0 0|0
tensor([[-1.6501, -0.2132]])
1.4369087219238281
1|0 1|0
tensor([[-1.1473, -0.3820]])
0.765314519405365
1|0 0|0
tensor([[-1.2552, -0.3355]])
0.9196443557739258
1|0 0|0
tensor([[-1.1326, -0.3889]])
0.7437669038772583
1|1 0|1
tensor([[-1.5995, -0.2256]])
1.3738853931427002
1|1 1|1
tensor([[-1.4444, -0.2690]])
1.1753475666046143
1|0 1|0
tensor([[-1.1511, -0.3802]])
0.7708665728569031
1|0 0|0
tensor([[-1.1404, -0.3852]])
0.7551964521408081
1|0 0|0
tensor([[-1.1290, -0.3906]])
0.7383356094360352
1|1 0|1
tensor([[-1.4024, -0.2824]])
1.12003493309021
1|0 1|0
tensor([[-1.2611, -0.3332]])
0.9279353022575378
1|1 0|1
tensor([[-1.1376, -0.3865]])
0.7511000633239746
1|0 0|0
tensor([[-1.1545, -0.3786]])
0.7759034037590027
1|0 0|0
tensor([[-1.1402, -0.3853]])
0.7549517154693604
1|0 0|0
tensor([[-1.1365, -0.3870]])
0.7494742274284363
1|0 0|0
tensor([[-1.4225, -0.2759]])
1.1466249227523804
1|0 1|0
tensor([[-1.1348, -0.3879]])
0.7469288110733032
1|0 0|0
tensor([[-1.1398, -0.3855]])
0.7543331384658813
1|1 0|1
tensor([[-1.1398, -0.3855]])
0.7542989253997803
1|1 0|1
tensor([[-1.1352, -0.3877]])
0.7475365400314331
1|1 0|1
tensor([[-1.1241, -0.3930]])
0.7311282157897949
1|1 0|1
tensor([[-1.1303, -0.3900]])
0.7403277158737183
1|1 0|1
tensor([[-1.8871, -0.1643]])
1.7227715253829956
1|0 1|0
tensor([[-1.1518, -0.3799]])
0.7718956470489502
1|0 0|0
tensor([[-1.2895, -0.3221]])
0.9673506021499634
1|1 0|1
tensor([[-1.1420, -0.3845]])
0.7575081586837769
1|0 0|0
tensor([[-1.1597, -0.3763]])
0.7834696769714355
1|1 0|1
tensor([[-1.1401, -0.3854]])
0.7546771764755249
1|0 0|0
tensor([[-1.9554, -0.1526]])
1.8027786016464233
1|1 1|1
tensor([[-1.1771, -0.3684]])
0.808719277381897
1|1 0|1
tensor([[-1.1407, -0.3851]])
0.7555620670318604
1|1 0|1
tensor([[-1.1334, -0.3885]])
0.744835376739502
1|0 0|0
tensor([[-1.1450, -0.3831]])
0.7619002461433411
1|1 0|1
tensor([[-1.6853, -0.2050]])
1.4802446365356445
1|0 1|0
tensor([[-1.4773, -0.2591]])
1.218139886856079
1|1 1|1
tensor([[-1.1854, -0.3647]])
0.8207233548164368
1|0 0|0
tensor([[-1.1387, -0.3860]])
0.7527580857276917
1|0 0|0
tensor([[-1.5515, -0.2382]])
1.3133769035339355
1|1 1|1
tensor([[-1.5560, -0.2370]])
1.3189760446548462
1|0 1|0
tensor([[-1.1361, -0.3872]])
0.7489191889762878
1|1 0|1
tensor([[-1.8609, -0.1690]])
1.6918951272964478
1|1 1|1
tensor([[-1.1457, -0.3827]])
0.7629169821739197
1|0 0|0
tensor([[-1.1457, -0.3827]])
0.7629169821739197
1|0 0|0
tensor([[-1.1457, -0.3827]])
0.7629169821739197
1|0 0|0
tensor([[-1.1457, -0.3827]])
0.762927770614624
1|0 0|0
tensor([[-1.1446, -0.3833]])
0.7612905502319336
1|0 0|0
tensor([[-1.1530, -0.3793]])
0.7736491560935974
1|1 0|1
tensor([[-1.1557, -0.3781]])
0.7775838375091553
1|0 0|0
tensor([[-2.1880, -0.1189]])
2.0690722465515137
1|0 1|0
tensor([[-1.2797, -0.3259]])
0.9537472724914551
1|1 0|1
tensor([[-1.1470, -0.3821]])
0.7648540735244751
1|0 0|0
tensor([[-1.1475, -0.3819]])
0.7656124830245972
1|0 0|0
tensor([[-1.2575, -0.3346]])
0.9229811429977417
1|0 0|0
tensor([[-1.1499, -0.3808]])
0.7691812515258789
1|0 0|0
tensor([[-1.1562, -0.3779]])
0.7782821655273438
1|1 0|1
tensor([[-1.1560, -0.3780]])
0.7780396938323975
1|1 0|1
tensor([[-1.1438, -0.3836]])
0.7601646184921265
1|0 0|0
tensor([[-0.8495, -0.5580]])
0.2914479970932007
1|1 0|1
tensor([[-1.1312, -0.3896]])
0.741614818572998
1|1 0|1
tensor([[-1.8290, -0.1750]])
1.6539263725280762
1|1 1|1
tensor([[-1.1756, -0.3691]])
0.8064801692962646
1|1 0|1
tensor([[-1.1606, -0.3759]])
0.7847570180892944
1|0 0|0
tensor([[-1.3477, -0.3009]])
1.0468239784240723
1|0 0|0
baseline
Accuracy: 0.439394
Accuracy 0: 0.000000 37
Accuracy 1: 1.000000 29
threshold
Accuracy: 0.530303
Accuracy 0: 0.783784 37
Accuracy 1: 0.206897 29
threshold: 1.1500000000000006
tensor([[-1.2225, -0.3488]])
0.8736476898193359
1|1 0|1
tensor([[-1.1415, -0.3847]])
0.7567440867424011
1|1 0|1
tensor([[-1.2979, -0.3190]])
0.9789392352104187
1|0 0|0
tensor([[-1.6501, -0.2132]])
1.4369087219238281
1|0 1|0
tensor([[-1.1473, -0.3820]])
0.765314519405365
1|0 0|0
tensor([[-1.2552, -0.3355]])
0.9196443557739258
1|0 0|0
tensor([[-1.1326, -0.3889]])
0.7437669038772583
1|1 0|1
tensor([[-1.5995, -0.2256]])
1.3738853931427002
1|1 1|1
tensor([[-1.4444, -0.2690]])
1.1753475666046143
1|0 1|0
tensor([[-1.1511, -0.3802]])
0.7708665728569031
1|0 0|0
tensor([[-1.1404, -0.3852]])
0.7551964521408081
1|0 0|0
tensor([[-1.1290, -0.3906]])
0.7383356094360352
1|1 0|1
tensor([[-1.4024, -0.2824]])
1.12003493309021
1|0 0|0
tensor([[-1.2611, -0.3332]])
0.9279353022575378
1|1 0|1
tensor([[-1.1376, -0.3865]])
0.7511000633239746
1|0 0|0
tensor([[-1.1545, -0.3786]])
0.7759034037590027
1|0 0|0
tensor([[-1.1402, -0.3853]])
0.7549517154693604
1|0 0|0
tensor([[-1.1365, -0.3870]])
0.7494742274284363
1|0 0|0
tensor([[-1.4225, -0.2759]])
1.1466249227523804
1|0 0|0
tensor([[-1.1348, -0.3879]])
0.7469288110733032
1|0 0|0
tensor([[-1.1398, -0.3855]])
0.7543331384658813
1|1 0|1
tensor([[-1.1398, -0.3855]])
0.7542989253997803
1|1 0|1
tensor([[-1.1352, -0.3877]])
0.7475365400314331
1|1 0|1
tensor([[-1.1241, -0.3930]])
0.7311282157897949
1|1 0|1
tensor([[-1.1303, -0.3900]])
0.7403277158737183
1|1 0|1
tensor([[-1.8871, -0.1643]])
1.7227715253829956
1|0 1|0
tensor([[-1.1518, -0.3799]])
0.7718956470489502
1|0 0|0
tensor([[-1.2895, -0.3221]])
0.9673506021499634
1|1 0|1
tensor([[-1.1420, -0.3845]])
0.7575081586837769
1|0 0|0
tensor([[-1.1597, -0.3763]])
0.7834696769714355
1|1 0|1
tensor([[-1.1401, -0.3854]])
0.7546771764755249
1|0 0|0
tensor([[-1.9554, -0.1526]])
1.8027786016464233
1|1 1|1
tensor([[-1.1771, -0.3684]])
0.808719277381897
1|1 0|1
tensor([[-1.1407, -0.3851]])
0.7555620670318604
1|1 0|1
tensor([[-1.1334, -0.3885]])
0.744835376739502
1|0 0|0
tensor([[-1.1450, -0.3831]])
0.7619002461433411
1|1 0|1
tensor([[-1.6853, -0.2050]])
1.4802446365356445
1|0 1|0
tensor([[-1.4773, -0.2591]])
1.218139886856079
1|1 1|1
tensor([[-1.1854, -0.3647]])
0.8207233548164368
1|0 0|0
tensor([[-1.1387, -0.3860]])
0.7527580857276917
1|0 0|0
tensor([[-1.5515, -0.2382]])
1.3133769035339355
1|1 1|1
tensor([[-1.5560, -0.2370]])
1.3189760446548462
1|0 1|0
tensor([[-1.1361, -0.3872]])
0.7489191889762878
1|1 0|1
tensor([[-1.8609, -0.1690]])
1.6918951272964478
1|1 1|1
tensor([[-1.1457, -0.3827]])
0.7629169821739197
1|0 0|0
tensor([[-1.1457, -0.3827]])
0.7629169821739197
1|0 0|0
tensor([[-1.1457, -0.3827]])
0.7629169821739197
1|0 0|0
tensor([[-1.1457, -0.3827]])
0.762927770614624
1|0 0|0
tensor([[-1.1446, -0.3833]])
0.7612905502319336
1|0 0|0
tensor([[-1.1530, -0.3793]])
0.7736491560935974
1|1 0|1
tensor([[-1.1557, -0.3781]])
0.7775838375091553
1|0 0|0
tensor([[-2.1880, -0.1189]])
2.0690722465515137
1|0 1|0
tensor([[-1.2797, -0.3259]])
0.9537472724914551
1|1 0|1
tensor([[-1.1470, -0.3821]])
0.7648540735244751
1|0 0|0
tensor([[-1.1475, -0.3819]])
0.7656124830245972
1|0 0|0
tensor([[-1.2575, -0.3346]])
0.9229811429977417
1|0 0|0
tensor([[-1.1499, -0.3808]])
0.7691812515258789
1|0 0|0
tensor([[-1.1562, -0.3779]])
0.7782821655273438
1|1 0|1
tensor([[-1.1560, -0.3780]])
0.7780396938323975
1|1 0|1
tensor([[-1.1438, -0.3836]])
0.7601646184921265
1|0 0|0
tensor([[-0.8495, -0.5580]])
0.2914479970932007
1|1 0|1
tensor([[-1.1312, -0.3896]])
0.741614818572998
1|1 0|1
tensor([[-1.8290, -0.1750]])
1.6539263725280762
1|1 1|1
tensor([[-1.1756, -0.3691]])
0.8064801692962646
1|1 0|1
tensor([[-1.1606, -0.3759]])
0.7847570180892944
1|0 0|0
tensor([[-1.3477, -0.3009]])
1.0468239784240723
1|0 0|0
baseline
Accuracy: 0.439394
Accuracy 0: 0.000000 37
Accuracy 1: 1.000000 29
threshold
Accuracy: 0.560606
Accuracy 0: 0.837838 37
Accuracy 1: 0.206897 29
threshold: 1.2000000000000006
tensor([[-1.2225, -0.3488]])
0.8736476898193359
1|1 0|1
tensor([[-1.1415, -0.3847]])
0.7567440867424011
1|1 0|1
tensor([[-1.2979, -0.3190]])
0.9789392352104187
1|0 0|0
tensor([[-1.6501, -0.2132]])
1.4369087219238281
1|0 1|0
tensor([[-1.1473, -0.3820]])
0.765314519405365
1|0 0|0
tensor([[-1.2552, -0.3355]])
0.9196443557739258
1|0 0|0
tensor([[-1.1326, -0.3889]])
0.7437669038772583
1|1 0|1
tensor([[-1.5995, -0.2256]])
1.3738853931427002
1|1 1|1
tensor([[-1.4444, -0.2690]])
1.1753475666046143
1|0 0|0
tensor([[-1.1511, -0.3802]])
0.7708665728569031
1|0 0|0
tensor([[-1.1404, -0.3852]])
0.7551964521408081
1|0 0|0
tensor([[-1.1290, -0.3906]])
0.7383356094360352
1|1 0|1
tensor([[-1.4024, -0.2824]])
1.12003493309021
1|0 0|0
tensor([[-1.2611, -0.3332]])
0.9279353022575378
1|1 0|1
tensor([[-1.1376, -0.3865]])
0.7511000633239746
1|0 0|0
tensor([[-1.1545, -0.3786]])
0.7759034037590027
1|0 0|0
tensor([[-1.1402, -0.3853]])
0.7549517154693604
1|0 0|0
tensor([[-1.1365, -0.3870]])
0.7494742274284363
1|0 0|0
tensor([[-1.4225, -0.2759]])
1.1466249227523804
1|0 0|0
tensor([[-1.1348, -0.3879]])
0.7469288110733032
1|0 0|0
tensor([[-1.1398, -0.3855]])
0.7543331384658813
1|1 0|1
tensor([[-1.1398, -0.3855]])
0.7542989253997803
1|1 0|1
tensor([[-1.1352, -0.3877]])
0.7475365400314331
1|1 0|1
tensor([[-1.1241, -0.3930]])
0.7311282157897949
1|1 0|1
tensor([[-1.1303, -0.3900]])
0.7403277158737183
1|1 0|1
tensor([[-1.8871, -0.1643]])
1.7227715253829956
1|0 1|0
tensor([[-1.1518, -0.3799]])
0.7718956470489502
1|0 0|0
tensor([[-1.2895, -0.3221]])
0.9673506021499634
1|1 0|1
tensor([[-1.1420, -0.3845]])
0.7575081586837769
1|0 0|0
tensor([[-1.1597, -0.3763]])
0.7834696769714355
1|1 0|1
tensor([[-1.1401, -0.3854]])
0.7546771764755249
1|0 0|0
tensor([[-1.9554, -0.1526]])
1.8027786016464233
1|1 1|1
tensor([[-1.1771, -0.3684]])
0.808719277381897
1|1 0|1
tensor([[-1.1407, -0.3851]])
0.7555620670318604
1|1 0|1
tensor([[-1.1334, -0.3885]])
0.744835376739502
1|0 0|0
tensor([[-1.1450, -0.3831]])
0.7619002461433411
1|1 0|1
tensor([[-1.6853, -0.2050]])
1.4802446365356445
1|0 1|0
tensor([[-1.4773, -0.2591]])
1.218139886856079
1|1 1|1
tensor([[-1.1854, -0.3647]])
0.8207233548164368
1|0 0|0
tensor([[-1.1387, -0.3860]])
0.7527580857276917
1|0 0|0
tensor([[-1.5515, -0.2382]])
1.3133769035339355
1|1 1|1
tensor([[-1.5560, -0.2370]])
1.3189760446548462
1|0 1|0
tensor([[-1.1361, -0.3872]])
0.7489191889762878
1|1 0|1
tensor([[-1.8609, -0.1690]])
1.6918951272964478
1|1 1|1
tensor([[-1.1457, -0.3827]])
0.7629169821739197
1|0 0|0
tensor([[-1.1457, -0.3827]])
0.7629169821739197
1|0 0|0
tensor([[-1.1457, -0.3827]])
0.7629169821739197
1|0 0|0
tensor([[-1.1457, -0.3827]])
0.762927770614624
1|0 0|0
tensor([[-1.1446, -0.3833]])
0.7612905502319336
1|0 0|0
tensor([[-1.1530, -0.3793]])
0.7736491560935974
1|1 0|1
tensor([[-1.1557, -0.3781]])
0.7775838375091553
1|0 0|0
tensor([[-2.1880, -0.1189]])
2.0690722465515137
1|0 1|0
tensor([[-1.2797, -0.3259]])
0.9537472724914551
1|1 0|1
tensor([[-1.1470, -0.3821]])
0.7648540735244751
1|0 0|0
tensor([[-1.1475, -0.3819]])
0.7656124830245972
1|0 0|0
tensor([[-1.2575, -0.3346]])
0.9229811429977417
1|0 0|0
tensor([[-1.1499, -0.3808]])
0.7691812515258789
1|0 0|0
tensor([[-1.1562, -0.3779]])
0.7782821655273438
1|1 0|1
tensor([[-1.1560, -0.3780]])
0.7780396938323975
1|1 0|1
tensor([[-1.1438, -0.3836]])
0.7601646184921265
1|0 0|0
tensor([[-0.8495, -0.5580]])
0.2914479970932007
1|1 0|1
tensor([[-1.1312, -0.3896]])
0.741614818572998
1|1 0|1
tensor([[-1.8290, -0.1750]])
1.6539263725280762
1|1 1|1
tensor([[-1.1756, -0.3691]])
0.8064801692962646
1|1 0|1
tensor([[-1.1606, -0.3759]])
0.7847570180892944
1|0 0|0
tensor([[-1.3477, -0.3009]])
1.0468239784240723
1|0 0|0
baseline
Accuracy: 0.439394
Accuracy 0: 0.000000 37
Accuracy 1: 1.000000 29
threshold
Accuracy: 0.575758
Accuracy 0: 0.864865 37
Accuracy 1: 0.206897 29
threshold: 1.2500000000000007
tensor([[-1.2225, -0.3488]])
0.8736476898193359
1|1 0|1
tensor([[-1.1415, -0.3847]])
0.7567440867424011
1|1 0|1
tensor([[-1.2979, -0.3190]])
0.9789392352104187
1|0 0|0
tensor([[-1.6501, -0.2132]])
1.4369087219238281
1|0 1|0
tensor([[-1.1473, -0.3820]])
0.765314519405365
1|0 0|0
tensor([[-1.2552, -0.3355]])
0.9196443557739258
1|0 0|0
tensor([[-1.1326, -0.3889]])
0.7437669038772583
1|1 0|1
tensor([[-1.5995, -0.2256]])
1.3738853931427002
1|1 1|1
tensor([[-1.4444, -0.2690]])
1.1753475666046143
1|0 0|0
tensor([[-1.1511, -0.3802]])
0.7708665728569031
1|0 0|0
tensor([[-1.1404, -0.3852]])
0.7551964521408081
1|0 0|0
tensor([[-1.1290, -0.3906]])
0.7383356094360352
1|1 0|1
tensor([[-1.4024, -0.2824]])
1.12003493309021
1|0 0|0
tensor([[-1.2611, -0.3332]])
0.9279353022575378
1|1 0|1
tensor([[-1.1376, -0.3865]])
0.7511000633239746
1|0 0|0
tensor([[-1.1545, -0.3786]])
0.7759034037590027
1|0 0|0
tensor([[-1.1402, -0.3853]])
0.7549517154693604
1|0 0|0
tensor([[-1.1365, -0.3870]])
0.7494742274284363
1|0 0|0
tensor([[-1.4225, -0.2759]])
1.1466249227523804
1|0 0|0
tensor([[-1.1348, -0.3879]])
0.7469288110733032
1|0 0|0
tensor([[-1.1398, -0.3855]])
0.7543331384658813
1|1 0|1
tensor([[-1.1398, -0.3855]])
0.7542989253997803
1|1 0|1
tensor([[-1.1352, -0.3877]])
0.7475365400314331
1|1 0|1
tensor([[-1.1241, -0.3930]])
0.7311282157897949
1|1 0|1
tensor([[-1.1303, -0.3900]])
0.7403277158737183
1|1 0|1
tensor([[-1.8871, -0.1643]])
1.7227715253829956
1|0 1|0
tensor([[-1.1518, -0.3799]])
0.7718956470489502
1|0 0|0
tensor([[-1.2895, -0.3221]])
0.9673506021499634
1|1 0|1
tensor([[-1.1420, -0.3845]])
0.7575081586837769
1|0 0|0
tensor([[-1.1597, -0.3763]])
0.7834696769714355
1|1 0|1
tensor([[-1.1401, -0.3854]])
0.7546771764755249
1|0 0|0
tensor([[-1.9554, -0.1526]])
1.8027786016464233
1|1 1|1
tensor([[-1.1771, -0.3684]])
0.808719277381897
1|1 0|1
tensor([[-1.1407, -0.3851]])
0.7555620670318604
1|1 0|1
tensor([[-1.1334, -0.3885]])
0.744835376739502
1|0 0|0
tensor([[-1.1450, -0.3831]])
0.7619002461433411
1|1 0|1
tensor([[-1.6853, -0.2050]])
1.4802446365356445
1|0 1|0
tensor([[-1.4773, -0.2591]])
1.218139886856079
1|1 0|1
tensor([[-1.1854, -0.3647]])
0.8207233548164368
1|0 0|0
tensor([[-1.1387, -0.3860]])
0.7527580857276917
1|0 0|0
tensor([[-1.5515, -0.2382]])
1.3133769035339355
1|1 1|1
tensor([[-1.5560, -0.2370]])
1.3189760446548462
1|0 1|0
tensor([[-1.1361, -0.3872]])
0.7489191889762878
1|1 0|1
tensor([[-1.8609, -0.1690]])
1.6918951272964478
1|1 1|1
tensor([[-1.1457, -0.3827]])
0.7629169821739197
1|0 0|0
tensor([[-1.1457, -0.3827]])
0.7629169821739197
1|0 0|0
tensor([[-1.1457, -0.3827]])
0.7629169821739197
1|0 0|0
tensor([[-1.1457, -0.3827]])
0.762927770614624
1|0 0|0
tensor([[-1.1446, -0.3833]])
0.7612905502319336
1|0 0|0
tensor([[-1.1530, -0.3793]])
0.7736491560935974
1|1 0|1
tensor([[-1.1557, -0.3781]])
0.7775838375091553
1|0 0|0
tensor([[-2.1880, -0.1189]])
2.0690722465515137
1|0 1|0
tensor([[-1.2797, -0.3259]])
0.9537472724914551
1|1 0|1
tensor([[-1.1470, -0.3821]])
0.7648540735244751
1|0 0|0
tensor([[-1.1475, -0.3819]])
0.7656124830245972
1|0 0|0
tensor([[-1.2575, -0.3346]])
0.9229811429977417
1|0 0|0
tensor([[-1.1499, -0.3808]])
0.7691812515258789
1|0 0|0
tensor([[-1.1562, -0.3779]])
0.7782821655273438
1|1 0|1
tensor([[-1.1560, -0.3780]])
0.7780396938323975
1|1 0|1
tensor([[-1.1438, -0.3836]])
0.7601646184921265
1|0 0|0
tensor([[-0.8495, -0.5580]])
0.2914479970932007
1|1 0|1
tensor([[-1.1312, -0.3896]])
0.741614818572998
1|1 0|1
tensor([[-1.8290, -0.1750]])
1.6539263725280762
1|1 1|1
tensor([[-1.1756, -0.3691]])
0.8064801692962646
1|1 0|1
tensor([[-1.1606, -0.3759]])
0.7847570180892944
1|0 0|0
tensor([[-1.3477, -0.3009]])
1.0468239784240723
1|0 0|0
baseline
Accuracy: 0.439394
Accuracy 0: 0.000000 37
Accuracy 1: 1.000000 29
threshold
Accuracy: 0.560606
Accuracy 0: 0.864865 37
Accuracy 1: 0.172414 29
threshold: 1.3000000000000007
tensor([[-1.2225, -0.3488]])
0.8736476898193359
1|1 0|1
tensor([[-1.1415, -0.3847]])
0.7567440867424011
1|1 0|1
tensor([[-1.2979, -0.3190]])
0.9789392352104187
1|0 0|0
tensor([[-1.6501, -0.2132]])
1.4369087219238281
1|0 1|0
tensor([[-1.1473, -0.3820]])
0.765314519405365
1|0 0|0
tensor([[-1.2552, -0.3355]])
0.9196443557739258
1|0 0|0
tensor([[-1.1326, -0.3889]])
0.7437669038772583
1|1 0|1
tensor([[-1.5995, -0.2256]])
1.3738853931427002
1|1 1|1
tensor([[-1.4444, -0.2690]])
1.1753475666046143
1|0 0|0
tensor([[-1.1511, -0.3802]])
0.7708665728569031
1|0 0|0
tensor([[-1.1404, -0.3852]])
0.7551964521408081
1|0 0|0
tensor([[-1.1290, -0.3906]])
0.7383356094360352
1|1 0|1
tensor([[-1.4024, -0.2824]])
1.12003493309021
1|0 0|0
tensor([[-1.2611, -0.3332]])
0.9279353022575378
1|1 0|1
tensor([[-1.1376, -0.3865]])
0.7511000633239746
1|0 0|0
tensor([[-1.1545, -0.3786]])
0.7759034037590027
1|0 0|0
tensor([[-1.1402, -0.3853]])
0.7549517154693604
1|0 0|0
tensor([[-1.1365, -0.3870]])
0.7494742274284363
1|0 0|0
tensor([[-1.4225, -0.2759]])
1.1466249227523804
1|0 0|0
tensor([[-1.1348, -0.3879]])
0.7469288110733032
1|0 0|0
tensor([[-1.1398, -0.3855]])
0.7543331384658813
1|1 0|1
tensor([[-1.1398, -0.3855]])
0.7542989253997803
1|1 0|1
tensor([[-1.1352, -0.3877]])
0.7475365400314331
1|1 0|1
tensor([[-1.1241, -0.3930]])
0.7311282157897949
1|1 0|1
tensor([[-1.1303, -0.3900]])
0.7403277158737183
1|1 0|1
tensor([[-1.8871, -0.1643]])
1.7227715253829956
1|0 1|0
tensor([[-1.1518, -0.3799]])
0.7718956470489502
1|0 0|0
tensor([[-1.2895, -0.3221]])
0.9673506021499634
1|1 0|1
tensor([[-1.1420, -0.3845]])
0.7575081586837769
1|0 0|0
tensor([[-1.1597, -0.3763]])
0.7834696769714355
1|1 0|1
tensor([[-1.1401, -0.3854]])
0.7546771764755249
1|0 0|0
tensor([[-1.9554, -0.1526]])
1.8027786016464233
1|1 1|1
tensor([[-1.1771, -0.3684]])
0.808719277381897
1|1 0|1
tensor([[-1.1407, -0.3851]])
0.7555620670318604
1|1 0|1
tensor([[-1.1334, -0.3885]])
0.744835376739502
1|0 0|0
tensor([[-1.1450, -0.3831]])
0.7619002461433411
1|1 0|1
tensor([[-1.6853, -0.2050]])
1.4802446365356445
1|0 1|0
tensor([[-1.4773, -0.2591]])
1.218139886856079
1|1 0|1
tensor([[-1.1854, -0.3647]])
0.8207233548164368
1|0 0|0
tensor([[-1.1387, -0.3860]])
0.7527580857276917
1|0 0|0
tensor([[-1.5515, -0.2382]])
1.3133769035339355
1|1 1|1
tensor([[-1.5560, -0.2370]])
1.3189760446548462
1|0 1|0
tensor([[-1.1361, -0.3872]])
0.7489191889762878
1|1 0|1
tensor([[-1.8609, -0.1690]])
1.6918951272964478
1|1 1|1
tensor([[-1.1457, -0.3827]])
0.7629169821739197
1|0 0|0
tensor([[-1.1457, -0.3827]])
0.7629169821739197
1|0 0|0
tensor([[-1.1457, -0.3827]])
0.7629169821739197
1|0 0|0
tensor([[-1.1457, -0.3827]])
0.762927770614624
1|0 0|0
tensor([[-1.1446, -0.3833]])
0.7612905502319336
1|0 0|0
tensor([[-1.1530, -0.3793]])
0.7736491560935974
1|1 0|1
tensor([[-1.1557, -0.3781]])
0.7775838375091553
1|0 0|0
tensor([[-2.1880, -0.1189]])
2.0690722465515137
1|0 1|0
tensor([[-1.2797, -0.3259]])
0.9537472724914551
1|1 0|1
tensor([[-1.1470, -0.3821]])
0.7648540735244751
1|0 0|0
tensor([[-1.1475, -0.3819]])
0.7656124830245972
1|0 0|0
tensor([[-1.2575, -0.3346]])
0.9229811429977417
1|0 0|0
tensor([[-1.1499, -0.3808]])
0.7691812515258789
1|0 0|0
tensor([[-1.1562, -0.3779]])
0.7782821655273438
1|1 0|1
tensor([[-1.1560, -0.3780]])
0.7780396938323975
1|1 0|1
tensor([[-1.1438, -0.3836]])
0.7601646184921265
1|0 0|0
tensor([[-0.8495, -0.5580]])
0.2914479970932007
1|1 0|1
tensor([[-1.1312, -0.3896]])
0.741614818572998
1|1 0|1
tensor([[-1.8290, -0.1750]])
1.6539263725280762
1|1 1|1
tensor([[-1.1756, -0.3691]])
0.8064801692962646
1|1 0|1
tensor([[-1.1606, -0.3759]])
0.7847570180892944
1|0 0|0
tensor([[-1.3477, -0.3009]])
1.0468239784240723
1|0 0|0
baseline
Accuracy: 0.439394
Accuracy 0: 0.000000 37
Accuracy 1: 1.000000 29
threshold
Accuracy: 0.560606
Accuracy 0: 0.864865 37
Accuracy 1: 0.172414 29
threshold: 1.3500000000000008
tensor([[-1.2225, -0.3488]])
0.8736476898193359
1|1 0|1
tensor([[-1.1415, -0.3847]])
0.7567440867424011
1|1 0|1
tensor([[-1.2979, -0.3190]])
0.9789392352104187
1|0 0|0
tensor([[-1.6501, -0.2132]])
1.4369087219238281
1|0 1|0
tensor([[-1.1473, -0.3820]])
0.765314519405365
1|0 0|0
tensor([[-1.2552, -0.3355]])
0.9196443557739258
1|0 0|0
tensor([[-1.1326, -0.3889]])
0.7437669038772583
1|1 0|1
tensor([[-1.5995, -0.2256]])
1.3738853931427002
1|1 1|1
tensor([[-1.4444, -0.2690]])
1.1753475666046143
1|0 0|0
tensor([[-1.1511, -0.3802]])
0.7708665728569031
1|0 0|0
tensor([[-1.1404, -0.3852]])
0.7551964521408081
1|0 0|0
tensor([[-1.1290, -0.3906]])
0.7383356094360352
1|1 0|1
tensor([[-1.4024, -0.2824]])
1.12003493309021
1|0 0|0
tensor([[-1.2611, -0.3332]])
0.9279353022575378
1|1 0|1
tensor([[-1.1376, -0.3865]])
0.7511000633239746
1|0 0|0
tensor([[-1.1545, -0.3786]])
0.7759034037590027
1|0 0|0
tensor([[-1.1402, -0.3853]])
0.7549517154693604
1|0 0|0
tensor([[-1.1365, -0.3870]])
0.7494742274284363
1|0 0|0
tensor([[-1.4225, -0.2759]])
1.1466249227523804
1|0 0|0
tensor([[-1.1348, -0.3879]])
0.7469288110733032
1|0 0|0
tensor([[-1.1398, -0.3855]])
0.7543331384658813
1|1 0|1
tensor([[-1.1398, -0.3855]])
0.7542989253997803
1|1 0|1
tensor([[-1.1352, -0.3877]])
0.7475365400314331
1|1 0|1
tensor([[-1.1241, -0.3930]])
0.7311282157897949
1|1 0|1
tensor([[-1.1303, -0.3900]])
0.7403277158737183
1|1 0|1
tensor([[-1.8871, -0.1643]])
1.7227715253829956
1|0 1|0
tensor([[-1.1518, -0.3799]])
0.7718956470489502
1|0 0|0
tensor([[-1.2895, -0.3221]])
0.9673506021499634
1|1 0|1
tensor([[-1.1420, -0.3845]])
0.7575081586837769
1|0 0|0
tensor([[-1.1597, -0.3763]])
0.7834696769714355
1|1 0|1
tensor([[-1.1401, -0.3854]])
0.7546771764755249
1|0 0|0
tensor([[-1.9554, -0.1526]])
1.8027786016464233
1|1 1|1
tensor([[-1.1771, -0.3684]])
0.808719277381897
1|1 0|1
tensor([[-1.1407, -0.3851]])
0.7555620670318604
1|1 0|1
tensor([[-1.1334, -0.3885]])
0.744835376739502
1|0 0|0
tensor([[-1.1450, -0.3831]])
0.7619002461433411
1|1 0|1
tensor([[-1.6853, -0.2050]])
1.4802446365356445
1|0 1|0
tensor([[-1.4773, -0.2591]])
1.218139886856079
1|1 0|1
tensor([[-1.1854, -0.3647]])
0.8207233548164368
1|0 0|0
tensor([[-1.1387, -0.3860]])
0.7527580857276917
1|0 0|0
tensor([[-1.5515, -0.2382]])
1.3133769035339355
1|1 0|1
tensor([[-1.5560, -0.2370]])
1.3189760446548462
1|0 0|0
tensor([[-1.1361, -0.3872]])
0.7489191889762878
1|1 0|1
tensor([[-1.8609, -0.1690]])
1.6918951272964478
1|1 1|1
tensor([[-1.1457, -0.3827]])
0.7629169821739197
1|0 0|0
tensor([[-1.1457, -0.3827]])
0.7629169821739197
1|0 0|0
tensor([[-1.1457, -0.3827]])
0.7629169821739197
1|0 0|0
tensor([[-1.1457, -0.3827]])
0.762927770614624
1|0 0|0
tensor([[-1.1446, -0.3833]])
0.7612905502319336
1|0 0|0
tensor([[-1.1530, -0.3793]])
0.7736491560935974
1|1 0|1
tensor([[-1.1557, -0.3781]])
0.7775838375091553
1|0 0|0
tensor([[-2.1880, -0.1189]])
2.0690722465515137
1|0 1|0
tensor([[-1.2797, -0.3259]])
0.9537472724914551
1|1 0|1
tensor([[-1.1470, -0.3821]])
0.7648540735244751
1|0 0|0
tensor([[-1.1475, -0.3819]])
0.7656124830245972
1|0 0|0
tensor([[-1.2575, -0.3346]])
0.9229811429977417
1|0 0|0
tensor([[-1.1499, -0.3808]])
0.7691812515258789
1|0 0|0
tensor([[-1.1562, -0.3779]])
0.7782821655273438
1|1 0|1
tensor([[-1.1560, -0.3780]])
0.7780396938323975
1|1 0|1
tensor([[-1.1438, -0.3836]])
0.7601646184921265
1|0 0|0
tensor([[-0.8495, -0.5580]])
0.2914479970932007
1|1 0|1
tensor([[-1.1312, -0.3896]])
0.741614818572998
1|1 0|1
tensor([[-1.8290, -0.1750]])
1.6539263725280762
1|1 1|1
tensor([[-1.1756, -0.3691]])
0.8064801692962646
1|1 0|1
tensor([[-1.1606, -0.3759]])
0.7847570180892944
1|0 0|0
tensor([[-1.3477, -0.3009]])
1.0468239784240723
1|0 0|0
baseline
Accuracy: 0.439394
Accuracy 0: 0.000000 37
Accuracy 1: 1.000000 29
threshold
Accuracy: 0.560606
Accuracy 0: 0.891892 37
Accuracy 1: 0.137931 29
threshold: 1.4000000000000008
tensor([[-1.2225, -0.3488]])
0.8736476898193359
1|1 0|1
tensor([[-1.1415, -0.3847]])
0.7567440867424011
1|1 0|1
tensor([[-1.2979, -0.3190]])
0.9789392352104187
1|0 0|0
tensor([[-1.6501, -0.2132]])
1.4369087219238281
1|0 1|0
tensor([[-1.1473, -0.3820]])
0.765314519405365
1|0 0|0
tensor([[-1.2552, -0.3355]])
0.9196443557739258
1|0 0|0
tensor([[-1.1326, -0.3889]])
0.7437669038772583
1|1 0|1
tensor([[-1.5995, -0.2256]])
1.3738853931427002
1|1 0|1
tensor([[-1.4444, -0.2690]])
1.1753475666046143
1|0 0|0
tensor([[-1.1511, -0.3802]])
0.7708665728569031
1|0 0|0
tensor([[-1.1404, -0.3852]])
0.7551964521408081
1|0 0|0
tensor([[-1.1290, -0.3906]])
0.7383356094360352
1|1 0|1
tensor([[-1.4024, -0.2824]])
1.12003493309021
1|0 0|0
tensor([[-1.2611, -0.3332]])
0.9279353022575378
1|1 0|1
tensor([[-1.1376, -0.3865]])
0.7511000633239746
1|0 0|0
tensor([[-1.1545, -0.3786]])
0.7759034037590027
1|0 0|0
tensor([[-1.1402, -0.3853]])
0.7549517154693604
1|0 0|0
tensor([[-1.1365, -0.3870]])
0.7494742274284363
1|0 0|0
tensor([[-1.4225, -0.2759]])
1.1466249227523804
1|0 0|0
tensor([[-1.1348, -0.3879]])
0.7469288110733032
1|0 0|0
tensor([[-1.1398, -0.3855]])
0.7543331384658813
1|1 0|1
tensor([[-1.1398, -0.3855]])
0.7542989253997803
1|1 0|1
tensor([[-1.1352, -0.3877]])
0.7475365400314331
1|1 0|1
tensor([[-1.1241, -0.3930]])
0.7311282157897949
1|1 0|1
tensor([[-1.1303, -0.3900]])
0.7403277158737183
1|1 0|1
tensor([[-1.8871, -0.1643]])
1.7227715253829956
1|0 1|0
tensor([[-1.1518, -0.3799]])
0.7718956470489502
1|0 0|0
tensor([[-1.2895, -0.3221]])
0.9673506021499634
1|1 0|1
tensor([[-1.1420, -0.3845]])
0.7575081586837769
1|0 0|0
tensor([[-1.1597, -0.3763]])
0.7834696769714355
1|1 0|1
tensor([[-1.1401, -0.3854]])
0.7546771764755249
1|0 0|0
tensor([[-1.9554, -0.1526]])
1.8027786016464233
1|1 1|1
tensor([[-1.1771, -0.3684]])
0.808719277381897
1|1 0|1
tensor([[-1.1407, -0.3851]])
0.7555620670318604
1|1 0|1
tensor([[-1.1334, -0.3885]])
0.744835376739502
1|0 0|0
tensor([[-1.1450, -0.3831]])
0.7619002461433411
1|1 0|1
tensor([[-1.6853, -0.2050]])
1.4802446365356445
1|0 1|0
tensor([[-1.4773, -0.2591]])
1.218139886856079
1|1 0|1
tensor([[-1.1854, -0.3647]])
0.8207233548164368
1|0 0|0
tensor([[-1.1387, -0.3860]])
0.7527580857276917
1|0 0|0
tensor([[-1.5515, -0.2382]])
1.3133769035339355
1|1 0|1
tensor([[-1.5560, -0.2370]])
1.3189760446548462
1|0 0|0
tensor([[-1.1361, -0.3872]])
0.7489191889762878
1|1 0|1
tensor([[-1.8609, -0.1690]])
1.6918951272964478
1|1 1|1
tensor([[-1.1457, -0.3827]])
0.7629169821739197
1|0 0|0
tensor([[-1.1457, -0.3827]])
0.7629169821739197
1|0 0|0
tensor([[-1.1457, -0.3827]])
0.7629169821739197
1|0 0|0
tensor([[-1.1457, -0.3827]])
0.762927770614624
1|0 0|0
tensor([[-1.1446, -0.3833]])
0.7612905502319336
1|0 0|0
tensor([[-1.1530, -0.3793]])
0.7736491560935974
1|1 0|1
tensor([[-1.1557, -0.3781]])
0.7775838375091553
1|0 0|0
tensor([[-2.1880, -0.1189]])
2.0690722465515137
1|0 1|0
tensor([[-1.2797, -0.3259]])
0.9537472724914551
1|1 0|1
tensor([[-1.1470, -0.3821]])
0.7648540735244751
1|0 0|0
tensor([[-1.1475, -0.3819]])
0.7656124830245972
1|0 0|0
tensor([[-1.2575, -0.3346]])
0.9229811429977417
1|0 0|0
tensor([[-1.1499, -0.3808]])
0.7691812515258789
1|0 0|0
tensor([[-1.1562, -0.3779]])
0.7782821655273438
1|1 0|1
tensor([[-1.1560, -0.3780]])
0.7780396938323975
1|1 0|1
tensor([[-1.1438, -0.3836]])
0.7601646184921265
1|0 0|0
tensor([[-0.8495, -0.5580]])
0.2914479970932007
1|1 0|1
tensor([[-1.1312, -0.3896]])
0.741614818572998
1|1 0|1
tensor([[-1.8290, -0.1750]])
1.6539263725280762
1|1 1|1
tensor([[-1.1756, -0.3691]])
0.8064801692962646
1|1 0|1
tensor([[-1.1606, -0.3759]])
0.7847570180892944
1|0 0|0
tensor([[-1.3477, -0.3009]])
1.0468239784240723
1|0 0|0
baseline
Accuracy: 0.439394
Accuracy 0: 0.000000 37
Accuracy 1: 1.000000 29
threshold
Accuracy: 0.545455
Accuracy 0: 0.891892 37
Accuracy 1: 0.103448 29
threshold: 1.4500000000000008
tensor([[-1.2225, -0.3488]])
0.8736476898193359
1|1 0|1
tensor([[-1.1415, -0.3847]])
0.7567440867424011
1|1 0|1
tensor([[-1.2979, -0.3190]])
0.9789392352104187
1|0 0|0
tensor([[-1.6501, -0.2132]])
1.4369087219238281
1|0 0|0
tensor([[-1.1473, -0.3820]])
0.765314519405365
1|0 0|0
tensor([[-1.2552, -0.3355]])
0.9196443557739258
1|0 0|0
tensor([[-1.1326, -0.3889]])
0.7437669038772583
1|1 0|1
tensor([[-1.5995, -0.2256]])
1.3738853931427002
1|1 0|1
tensor([[-1.4444, -0.2690]])
1.1753475666046143
1|0 0|0
tensor([[-1.1511, -0.3802]])
0.7708665728569031
1|0 0|0
tensor([[-1.1404, -0.3852]])
0.7551964521408081
1|0 0|0
tensor([[-1.1290, -0.3906]])
0.7383356094360352
1|1 0|1
tensor([[-1.4024, -0.2824]])
1.12003493309021
1|0 0|0
tensor([[-1.2611, -0.3332]])
0.9279353022575378
1|1 0|1
tensor([[-1.1376, -0.3865]])
0.7511000633239746
1|0 0|0
tensor([[-1.1545, -0.3786]])
0.7759034037590027
1|0 0|0
tensor([[-1.1402, -0.3853]])
0.7549517154693604
1|0 0|0
tensor([[-1.1365, -0.3870]])
0.7494742274284363
1|0 0|0
tensor([[-1.4225, -0.2759]])
1.1466249227523804
1|0 0|0
tensor([[-1.1348, -0.3879]])
0.7469288110733032
1|0 0|0
tensor([[-1.1398, -0.3855]])
0.7543331384658813
1|1 0|1
tensor([[-1.1398, -0.3855]])
0.7542989253997803
1|1 0|1
tensor([[-1.1352, -0.3877]])
0.7475365400314331
1|1 0|1
tensor([[-1.1241, -0.3930]])
0.7311282157897949
1|1 0|1
tensor([[-1.1303, -0.3900]])
0.7403277158737183
1|1 0|1
tensor([[-1.8871, -0.1643]])
1.7227715253829956
1|0 1|0
tensor([[-1.1518, -0.3799]])
0.7718956470489502
1|0 0|0
tensor([[-1.2895, -0.3221]])
0.9673506021499634
1|1 0|1
tensor([[-1.1420, -0.3845]])
0.7575081586837769
1|0 0|0
tensor([[-1.1597, -0.3763]])
0.7834696769714355
1|1 0|1
tensor([[-1.1401, -0.3854]])
0.7546771764755249
1|0 0|0
tensor([[-1.9554, -0.1526]])
1.8027786016464233
1|1 1|1
tensor([[-1.1771, -0.3684]])
0.808719277381897
1|1 0|1
tensor([[-1.1407, -0.3851]])
0.7555620670318604
1|1 0|1
tensor([[-1.1334, -0.3885]])
0.744835376739502
1|0 0|0
tensor([[-1.1450, -0.3831]])
0.7619002461433411
1|1 0|1
tensor([[-1.6853, -0.2050]])
1.4802446365356445
1|0 1|0
tensor([[-1.4773, -0.2591]])
1.218139886856079
1|1 0|1
tensor([[-1.1854, -0.3647]])
0.8207233548164368
1|0 0|0
tensor([[-1.1387, -0.3860]])
0.7527580857276917
1|0 0|0
tensor([[-1.5515, -0.2382]])
1.3133769035339355
1|1 0|1
tensor([[-1.5560, -0.2370]])
1.3189760446548462
1|0 0|0
tensor([[-1.1361, -0.3872]])
0.7489191889762878
1|1 0|1
tensor([[-1.8609, -0.1690]])
1.6918951272964478
1|1 1|1
tensor([[-1.1457, -0.3827]])
0.7629169821739197
1|0 0|0
tensor([[-1.1457, -0.3827]])
0.7629169821739197
1|0 0|0
tensor([[-1.1457, -0.3827]])
0.7629169821739197
1|0 0|0
tensor([[-1.1457, -0.3827]])
0.762927770614624
1|0 0|0
tensor([[-1.1446, -0.3833]])
0.7612905502319336
1|0 0|0
tensor([[-1.1530, -0.3793]])
0.7736491560935974
1|1 0|1
tensor([[-1.1557, -0.3781]])
0.7775838375091553
1|0 0|0
tensor([[-2.1880, -0.1189]])
2.0690722465515137
1|0 1|0
tensor([[-1.2797, -0.3259]])
0.9537472724914551
1|1 0|1
tensor([[-1.1470, -0.3821]])
0.7648540735244751
1|0 0|0
tensor([[-1.1475, -0.3819]])
0.7656124830245972
1|0 0|0
tensor([[-1.2575, -0.3346]])
0.9229811429977417
1|0 0|0
tensor([[-1.1499, -0.3808]])
0.7691812515258789
1|0 0|0
tensor([[-1.1562, -0.3779]])
0.7782821655273438
1|1 0|1
tensor([[-1.1560, -0.3780]])
0.7780396938323975
1|1 0|1
tensor([[-1.1438, -0.3836]])
0.7601646184921265
1|0 0|0
tensor([[-0.8495, -0.5580]])
0.2914479970932007
1|1 0|1
tensor([[-1.1312, -0.3896]])
0.741614818572998
1|1 0|1
tensor([[-1.8290, -0.1750]])
1.6539263725280762
1|1 1|1
tensor([[-1.1756, -0.3691]])
0.8064801692962646
1|1 0|1
tensor([[-1.1606, -0.3759]])
0.7847570180892944
1|0 0|0
tensor([[-1.3477, -0.3009]])
1.0468239784240723
1|0 0|0
baseline
Accuracy: 0.439394
Accuracy 0: 0.000000 37
Accuracy 1: 1.000000 29
threshold
Accuracy: 0.560606
Accuracy 0: 0.918919 37
Accuracy 1: 0.103448 29
